replicate generation off.nbr off.nbfem off.nbmal off.density off.dvar off.sexratio adlt.nbr adlt.nbfem adlt.nbmal adlt.density adlt.dvar adlt.sexratio extrate off.disp off.fdisp off.mdisp adlt.disp adlt.fdisp adlt.mdisp off.allnbp off.allnb off.fixlocp off.fixloc off.ho off.hsnei off.htnei off.fis off.fst off.fit adlt.allnbp adlt.allnb adlt.fixlocp adlt.fixloc adlt.ho adlt.hsnei adlt.htnei adlt.fis adlt.fst adlt.fit
1 1 2582 1302 1280 1.291 0 1.017 2000 1000 1000 1 0 1 0 0.6298 0.5928 0.6674 0.5031 0.4985 0.5077 12 12 0 0 0.9191 0.8131 0.8131 -0.1304 0 -0.1304 12 12 0 0 0.9182 0.9167 0.9167 -0.001654 -2.22e-16 -0.001654 
1 5 2585 1302 1283 1.292 0 1.015 2000 1000 1000 1 0 1 0 0.6494 0.8227 0.4736 0.6599 0.7791 0.5408 12 12 0 0 0.6017 0.5319 0.5319 -0.1313 2.22e-16 -0.1313 12 12 0 0 0.6705 0.601 0.601 -0.1156 -2.22e-16 -0.1156
1 10 2572 1263 1309 1.286 0 0.9649 2000 1000 1000 1 0 1 0 0.5164 0.7987 0.244 0.5765 0.8224 0.3305 5 5 0 0 0.3519 0.3016 0.3016 -0.1668 0 -0.1668 6 6 0 0 0.3824 0.3537 0.3537 -0.08106 0 -0.08106
1 15 2585 1289 1296 1.292 0 0.9946 2000 1000 1000 1 0 1 0 0.4834 0.7993 0.1692 0.4829 0.7936 0.1723 3 3 2 2 0.1994 0.1867 0.1867 -0.06796 1.11e-16 -0.06796 2.85 2.85 3 3 0.216 0.1983 0.1983 -0.08922 0 -0.08922
1 20 2516 1278 1238 1.258 0 1.032 2000 1000 1000 1 0 1 0 0.4871 0.7959 0.1684 0.4767 0.7852 0.1682 2.15 2.15 3 3 0.1139 0.1041 0.1041 -0.09448 0 -0.09448 2.3 2.3 4 4 0.1283 0.1106 0.1106 -0.1591 0 -0.1591
1 25 2613 1318 1295 1.306 0 1.018 2000 1000 1000 1 0 1 0 0.4895 0.8053 0.1681 0.4866 0.805 0.1683 2.05 2.05 6 6 0.05209 0.04835 0.04835 -0.07723 0 -0.07723 1.95 1.95 7 7 0.03993 0.036 0.036 -0.1091 0 -0.1091
1 30 2539 1297 1242 1.27 0 1.044 2000 1000 1000 1 0 1 0 0.4937 0.8056 0.1679 0.4868 0.8056 0.1679 1.6 1.6 10 10 0.02824 0.02749 0.02749 -0.02734 0 -0.02734 1.55 1.55 9 9 0.03058 0.02991 0.02991 -0.0224 -2.22e-16 -0.0224
1 35 2561 1240 1321 1.28 0 0.9387 2000 1000 1000 1 0 1 0 0.4768 0.8057 0.168 0.4868 0.8058 0.1678 1.55 1.55 11 11 0.00207 0.002045 0.002045 -0.01174 0 -0.01174 1.5 1.5 12 12 0.003875 0.003761 0.003761 -0.03028 -2.22e-16 -0.03028
1 40 2573 1309 1264 1.286 0 1.036 2000 1000 1000 1 0 1 0 0.4923 0.8057 0.1678 0.487 0.8058 0.1682 1.7 1.7 9 9 0.0004664 0.0004662 0.0004662 -0.0004943 1.11e-16 -0.0004943 1.85 1.85 8 8 0.000725 0.0007246 0.0007246 -0.0004919 -2.22e-16 -0.0004919
1 45 2564 1295 1269 1.282 0 1.02 2000 1000 1000 1 0 1 0 0.4897 0.8052 0.1678 0.4867 0.8055 0.1678 1.65 1.65 9 9 0.02206 0.0173 0.0173 -0.2745 -2.22e-16 -0.2745 1.65 1.65 8 8 0.0256 0.02475 0.02475 -0.03446 -2.22e-16 -0.03446
1 50 2521 1231 1290 1.26 0 0.9543 2000 1000 1000 1 0 1 0 0.4794 0.8057 0.168 0.4868 0.8056 0.168 1.6 1.6 9 9 0.001071 0.001066 0.001066 -0.00451 0 -0.00451 1.55 1.55 11 11 0.00165 0.001633 0.001633 -0.01059 0 -0.01059
1 55 2587 1304 1283 1.294 0 1.016 2000 1000 1000 1 0 1 0 0.4894 0.8057 0.168 0.4868 0.8056 0.168 1.6 1.6 10 10 0.0003672 0.0003671 0.0003671 -0.0001934 0 -0.0001934 1.6 1.6 8 8 0.00035 0.00035 0.00035 -7.147e-05 -2.22e-16 -7.147e-05
1 60 2428 1192 1236 1.214 0 0.9644 2000 1000 1000 1 0 1 0 0.481 0.8055 0.1681 0.4865 0.8055 0.1676 1.85 1.85 7 7 0.0007619 0.0007616 0.0007616 -0.0004735 0 -0.0004735 2 2 3 3 0.00085 0.0008497 0.0008497 -0.0003606 -2.22e-16 -0.0003606
1 65 2591 1280 1311 1.296 0 0.9764 2000 1000 1000 1 0 1 0 0.483 0.8057 0.1679 0.4868 0.8057 0.168 1.4 1.4 13 13 0.0002316 0.0002315 0.0002315 -0.000338 1.11e-16 -0.000338 1.5 1.5 12 12 0.00045 0.0004498 0.0004498 -0.000431 -2.22e-16 -0.000431
1 70 2559 1307 1252 1.28 0 1.044 2000 1000 1000 1 0 1 0 0.4935 0.8055 0.1679 0.4864 0.8051 0.1677 1.95 1.95 6 6 0.0005862 0.0005859 0.0005859 -0.0004172 0 -0.0004172 1.85 1.85 7 7 0.000675 0.0006747 0.0006747 -0.0003707 0 -0.0003707
1 75 2580 1281 1299 1.29 0 0.9861 2000 1000 1000 1 0 1 0 0.4846 0.8057 0.168 0.4867 0.8055 0.1678 1.85 1.85 7 7 0.0006202 0.0006199 0.0006199 -0.0003394 -2.22e-16 -0.0003394 1.4 1.4 13 13 0.000425 0.0004248 0.0004248 -0.0004269 -2.22e-16 -0.0004269
1 80 2605 1335 1270 1.302 0 1.051 2000 1000 1000 1 0 1 0 0.4947 0.8056 0.1678 0.4868 0.8057 0.1679 1.9 1.9 5 5 0.02578 0.02302 0.02302 -0.1196 0 -0.1196 1.55 1.55 11 11 0.01695 0.01423 0.01423 -0.1911 0 -0.1911
1 85 2648 1331 1317 1.324 0 1.011 2000 1000 1000 1 0 1 0 0.4883 0.8056 0.1677 0.4866 0.8055 0.1677 1.7 1.7 6 6 0.02581 0.0233 0.0233 -0.1078 0 -0.1078 1.65 1.65 10 10 0.02378 0.01833 0.01833 -0.2974 0 -0.2974
1 90 2617 1295 1322 1.308 0 0.9796 2000 1000 1000 1 0 1 0 0.4835 0.8057 0.1679 0.4869 0.8058 0.1681 1.85 1.85 6 6 0.01127 0.01011 0.01011 -0.1151 0 -0.1151 1.7 1.7 6 6 0.02198 0.01731 0.01731 -0.2693 0 -0.2693
1 95 2495 1289 1206 1.248 0 1.069 2000 1000 1000 1 0 1 0 0.4975 0.8059 0.1678 0.4869 0.8055 0.1682 1.65 1.65 9 9 0.0008016 0.0007993 0.0007993 -0.00283 0 -0.00283 1.4 1.4 13 13 0.000875 0.0008706 0.0008706 -0.005071 0 -0.005071
1 100 2537 1272 1265 1.268 0 1.006 2000 1000 1000 1 0 1 0 0.4873 0.805 0.1678 0.4868 0.8054 0.1681 1.6 1.6 11 11 0.0002956 0.0002956 0.0002956 -0.0001315 0 -0.0001315 1.45 1.45 11 11 0.000425 0.0004248 0.0004248 -0.0003532 0 -0.0003532
1 105 2497 1199 1298 1.248 0 0.9237 2000 1000 1000 1 0 1 0 0.474 0.8056 0.1677 0.4866 0.8054 0.1678 1.6 1.6 10 10 0.0003004 0.0003003 0.0003003 -0.0001469 0 -0.0001469 1.35 1.35 13 13 0.00025 0.0002499 0.0002499 -0.0002001 -2.22e-16 -0.0002001
1 110 2510 1234 1276 1.255 0 0.9671 2000 1000 1000 1 0 1 0 0.4815 0.8058 0.1678 0.4866 0.8055 0.1678 1.7 1.7 8 8 0.0003586 0.0003585 0.0003585 -0.0001218 0 -0.0001218 1.55 1.55 10 10 0.000375 0.0003749 0.0003749 -0.0001668 0 -0.0001668
1 115 2597 1284 1313 1.298 0 0.9779 2000 1000 1000 1 0 1 0 0.4831 0.8055 0.1678 0.4866 0.8055 0.1677 1.5 1.5 12 12 0.0003466 0.0003465 0.0003465 -0.000289 1.11e-16 -0.000289 1.75 1.75 8 8 0.00065 0.0006497 0.0006497 -0.0003946 0 -0.0003946
1 120 2532 1226 1306 1.266 0 0.9387 2000 1000 1000 1 0 1 0 0.4841 0.8212 0.1677 0.5023 0.8368 0.1678 1.75 1.75 6 6 0.0004344 0.0004343 0.0004343 -0.0002964 -2.22e-16 -0.0002964 1.6 1.6 10 10 0.00045 0.0004499 0.0004499 -0.0002641 0 -0.0002641
1 125 2495 1279 1216 1.248 0 1.052 2000 1000 1000 1 0 1 0 0.5166 0.8059 0.2123 0.5041 0.8058 0.2025 1.7 1.7 8 8 0.0003407 0.0003406 0.0003406 -0.0001297 0 -0.0001297 1.35 1.35 14 14 0.0003 0.0002999 0.0002999 -0.0003128 0 -0.0003128
1 130 2485 1239 1246 1.242 0 0.9944 2000 1000 1000 1 0 1 0 0.5389 0.8094 0.2699 0.5399 0.8146 0.2652 1.5 1.5 11 11 0.0003018 0.0003018 0.0003018 -0.0001611 0 -0.0001611 1.35 1.35 14 14 0.000225 0.000225 0.000225 -0.0001668 -2.22e-16 -0.0001668
1 135 2504 1318 1186 1.252 0 1.111 2000 1000 1000 1 0 1 0 0.5559 0.8081 0.2757 0.5431 0.8107 0.2756 1.55 1.55 10 10 0.0003195 0.0003194 0.0003194 -0.0001623 0 -0.0001623 1.65 1.65 8 8 0.0005 0.0004998 0.0004998 -0.0003503 0 -0.0003503
1 140 2528 1257 1271 1.264 0 0.989 2000 1000 1000 1 0 1 0 0.5394 0.8052 0.2765 0.5408 0.8057 0.2758 1.55 1.55 10 10 0.0004153 0.0004152 0.0004152 -0.0004242 1.11e-16 -0.0004242 1.75 1.75 8 8 0.000525 0.0005249 0.0005249 -0.0002383 -2.22e-16 -0.0002383
1 145 2594 1279 1315 1.297 0 0.9726 2000 1000 1000 1 0 1 0 0.5368 0.8052 0.2757 0.5403 0.8054 0.2753 1.55 1.55 10 10 0.000347 0.0003469 0.0003469 -0.0002465 0 -0.0002465 1.65 1.65 10 10 0.000475 0.0004748 0.0004748 -0.0003292 0 -0.0003292
1 150 2450 1209 1241 1.225 0 0.9742 2000 1000 1000 1 0 1 0 0.5372 0.8056 0.2757 0.5406 0.8054 0.2757 1.55 1.55 10 10 0.0002857 0.0002857 0.0002857 -0.0001313 0 -0.0001313 1.5 1.5 11 11 0.000475 0.0004748 0.0004748 -0.0004478 0 -0.0004478
1 155 1501 732 769 0.7505 0 0.9519 1186 596 590 0.593 0 1.01 0 0.5343 0.8061 0.2756 0.542 0.806 0.2754 1.3 1.3 14 14 0.0001999 0.0001999 0.0001999 -8.926e-14 1.11e-16 -8.904e-14 1.3 1.3 15 15 0.0002951 0.0002951 0.0002951 -0.0001809 -2.22e-16 -0.0001809
1 160 924 463 461 0.462 0 1.004 723 371 352 0.3615 0 1.054 0 0.5413 0.8058 0.2755 0.5475 0.8059 0.2752 1.4 1.4 14 14 0.0005411 0.0005409 0.0005409 -0.0003793 2.22e-16 -0.0003793 1.2 1.2 16 16 0.0002766 0.0002766 0.0002766 -6.04e-14 -2.22e-16 -6.062e-14
1 165 633 320 313 0.3165 0 1.022 484 253 231 0.242 0 1.095 0 0.5433 0.8056 0.2751 0.5529 0.8061 0.2756 1.3 1.3 14 14 0.0007109 0.0007104 0.0007104 -0.0007037 -2.22e-16 -0.0007037 1.25 1.25 15 15 0.0006198 0.0006196 0.0006196 -0.0003452 -2.22e-16 -0.0003452
1 170 437 195 242 0.2185 0 0.8058 323 171 152 0.1615 0 1.125 0 0.5122 0.8059 0.2756 0.5562 0.8057 0.2756 1.15 1.15 17 17 0.0003432 0.0003432 0.0003432 7.438e-15 0 7.438e-15 1.1 1.1 18 18 0.0003096 0.0003096 0.0003096 2.631e-14 2.22e-16 2.642e-14
1 175 186 86 100 0.093 0 0.86 151 77 74 0.0755 0 1.041 0 0.5213 0.8057 0.2767 0.5464 0.8066 0.2756 1 1 20 20 0 0 0 nan nan nan 1 1 20 20 0 0 0 nan nan nan
1 180 46 27 19 0.023 0 1.421 51 24 27 0.0255 0 0.8889 0 0.5867 0.8057 0.2756 0.525 0.8057 0.2756 1 1 20 20 0 0 0 nan nan nan 1 1 20 20 0 0 0 nan nan nan
1 185 22 8 14 0.011 0 0.5714 13 8 5 0.0065 0 1.6 0 0.4684 0.8057 0.2756 0.6018 0.8057 0.2756 1.05 1.05 19 19 0.004545 0.004437 0.004437 -0.02439 0 -0.02439 1.05 1.05 19 19 0.003846 0.003846 0.003846 5.551e-16 0 5.551e-16
1 190 2 nan 2 0.001 0 0 5 2 3 0.0025 0 0.6667 0 0.2756 0 0.2756 0.4876 0.8057 0.2756 1 1 20 20 0 0 0 nan nan nan 1 1 20 20 0 0 0 nan nan nan
2 1 2593 1285 1308 1.296 0 0.9824 2000 1000 1000 1 0 1 0 0.5593 0.4865 0.6308 0.4984 0.4947 0.502 12 12 0 0 0.9162 0.7998 0.7998 -0.1456 -2.22e-16 -0.1456 12 12 0 0 0.9161 0.9167 0.9167 0.0006034 -2.22e-16 0.0006034
2 5 2479 1203 1276 1.24 0 0.9428 2000 1000 1000 1 0 1 0 0.4573 0.08634 0.807 0.4134 0.1243 0.7025 11.95 11.95 0 0 0.4991 0.449 0.449 -0.1116 1.11e-16 -0.1116 12 12 0 0 0.5504 0.4995 0.4995 -0.1019 -2.22e-16 -0.1019
2 10 2543 1254 1289 1.272 0 0.9728 2000 1000 1000 1 0 1 0 0.3435 0.05367 0.6255 0.3666 0.05423 0.6789 4.9 4.9 0 0 0.289 0.2743 0.2743 -0.05339 0 -0.05339 5.95 5.95 0 0 0.322 0.2919 0.2919 -0.103 0 -0.103
2 15 2608 1293 1315 1.304 0 0.9833 2000 1000 1000 1 0 1 0 0.3231 0.05228 0.5894 0.333 0.05272 0.6134 2.65 2.65 3 3 0.1581 0.1368 0.1368 -0.1561 0 -0.1561 2.7 2.7 3 3 0.1682 0.1533 0.1533 -0.0971 0 -0.0971
2 20 2546 1250 1296 1.273 0 0.9645 2000 1000 1000 1 0 1 0 0.2324 0.0524 0.406 0.3056 0.05225 0.5589 2.3 2.3 3 3 0.03119 0.02857 0.02857 -0.09148 0 -0.09148 2.1 2.1 7 7 0.05992 0.04999 0.04999 -0.1986 0 -0.1986
2 25 2555 1313 1242 1.278 0 1.057 2000 1000 1000 1 0 1 0 0.365 0.05233 0.6955 0.2756 0.05232 0.499 1.85 1.85 7 7 0.001389 0.001386 0.001386 -0.002599 -2.22e-16 -0.002599 2 2 5 5 0.00225 0.002242 0.002242 -0.003508 -2.22e-16 -0.003508
2 30 2664 1330 1334 1.332 0 0.997 2000 1000 1000 1 0 1 0 0.4706 0.0523 0.8876 0.4609 0.05229 0.8695 1.6 1.6 11 11 0.0004505 0.0004502 0.0004502 -0.0006106 0 -0.0006106 1.8 1.8 7 7 0.00075 0.0007496 0.0007496 -0.0005339 0 -0.0005339
2 35 2584 1255 1329 1.292 0 0.9443 2000 1000 1000 1 0 1 0 0.4893 0.05215 0.9021 0.4765 0.05215 0.9008 1.55 1.55 10 10 0.0002709 0.0002709 0.0002709 -0.0001245 0 -0.0001245 1.3 1.3 14 14 0.0002 0.0002 0.0002 -0.0001251 -2.22e-16 -0.0001251
2 40 2551 1260 1291 1.276 0 0.976 2000 1000 1000 1 0 1 0 0.4823 0.0522 0.9022 0.4771 0.05221 0.902 1.8 1.8 7 7 0.0005096 0.0005094 0.0005094 -0.0003093 0 -0.0003093 1.65 1.65 10 10 0.00055 0.0005498 0.0005498 -0.0003867 -2.22e-16 -0.0003867
2 45 2524 1252 1272 1.262 0 0.9843 2000 1000 1000 1 0 1 0 0.4807 0.05256 0.9021 0.4772 0.05221 0.9022 1.5 1.5 10 10 0.000317 0.0003169 0.0003169 -0.0001734 0 -0.0001734 1.4 1.4 12 12 0.00025 0.00025 0.00025 -0.0001001 0 -0.0001001
2 50 2560 1247 1313 1.28 0 0.9497 2000 1000 1000 1 0 1 0 0.4879 0.05228 0.9017 0.4773 0.0525 0.902 1.3 1.3 15 15 0.0002148 0.0002148 0.0002148 -0.0003198 1.11e-16 -0.0003198 1.5 1.5 10 10 0.000275 0.000275 0.000275 -4.548e-05 0 -4.548e-05
2 55 2616 1339 1277 1.308 0 1.049 2000 1000 1000 1 0 1 0 0.4671 0.05224 0.9022 0.4773 0.05241 0.9021 1.5 1.5 10 10 0.0003631 0.000363 0.000363 -0.000302 1.11e-16 -0.000302 1.55 1.55 10 10 0.000425 0.0004249 0.0004249 -0.0003091 0 -0.0003091
2 60 2570 1275 1295 1.285 0 0.9846 2000 1000 1000 1 0 1 0 0.492 0.07535 0.9022 0.5 0.09836 0.9017 1.7 1.7 8 8 0.0005642 0.000564 0.000564 -0.0004364 0 -0.0004364 1.6 1.6 9 9 0.00055 0.0005497 0.0005497 -0.0005005 0 -0.0005005
2 65 2690 1318 1372 1.345 0 0.9606 2000 1000 1000 1 0 1 0 0.5241 0.1305 0.9021 0.5087 0.1152 0.9021 1.45 1.45 11 11 0.0004089 0.0004087 0.0004087 -0.0005751 0 -0.0005751 1.3 1.3 14 14 0.000375 0.0003747 0.0003747 -0.0007008 0 -0.0007008
2 70 2476 1222 1254 1.238 0 0.9745 2000 1000 1000 1 0 1 0 0.4872 0.06138 0.9021 0.4862 0.07021 0.9022 1.4 1.4 12 12 0.0001616 0.0001616 0.0001616 -1.672e-13 0 -1.672e-13 1.4 1.4 12 12 0.0003 0.0002999 0.0002999 -0.0001668 0 -0.0001668
2 75 2551 1250 1301 1.276 0 0.9608 2000 1000 1000 1 0 1 0 0.4857 0.05261 0.9018 0.4776 0.05304 0.9022 1.7 1.7 7 7 0.0004312 0.0004311 0.0004311 -0.0002496 0 -0.0002496 1.55 1.55 10 10 0.000375 0.0003749 0.0003749 -0.0001501 -2.22e-16 -0.0001501
2 80 2611 1322 1289 1.306 0 1.026 2000 1000 1000 1 0 1 0 0.4766 0.06173 0.902 0.487 0.07185 0.9021 1.6 1.6 9 9 0.0003255 0.0003255 0.0003255 -0.0001352 2.22e-16 -0.0001352 1.35 1.35 13 13 0.000275 0.0002749 0.0002749 -0.0002274 0 -0.0002274
2 85 2622 1287 1335 1.311 0 0.964 2000 1000 1000 1 0 1 0 0.4951 0.07279 0.9022 0.4865 0.07116 0.9018 1.65 1.65 10 10 0.0005912 0.0005908 0.0005908 -0.0006712 0 -0.0006712 1.45 1.45 12 12 0.0004 0.0003999 0.0003999 -0.000344 0 -0.000344
2 90 2579 1304 1275 1.29 0 1.023 2000 1000 1000 1 0 1 0 0.4953 0.09749 0.9021 0.4996 0.09704 0.9021 1.65 1.65 9 9 0.0003684 0.0003683 0.0003683 -0.000194 0 -0.000194 1.85 1.85 7 7 0.000675 0.0006747 0.0006747 -0.0004263 0 -0.0004263
2 95 2610 1293 1317 1.305 0 0.9818 2000 1000 1000 1 0 1 0 0.5038 0.09823 0.902 0.5001 0.09826 0.9019 1.65 1.65 8 8 0.0005747 0.0005743 0.0005743 -0.000684 0 -0.000684 1.5 1.5 12 12 0.0004 0.0003998 0.0003998 -0.0004223 -2.22e-16 -0.0004223
2 100 2615 1317 1298 1.308 0 1.015 2000 1000 1000 1 0 1 0 0.4974 0.09855 0.9021 0.5003 0.09852 0.9021 1.75 1.75 8 8 0.000478 0.0004778 0.0004778 -0.0003827 0 -0.0003827 1.55 1.55 11 11 0.00045 0.0004499 0.0004499 -0.000278 0 -0.000278
2 105 2589 1286 1303 1.294 0 0.987 2000 1000 1000 1 0 1 0 0.5029 0.0984 0.9021 0.5003 0.09881 0.9019 1.55 1.55 10 10 0.0002511 0.000251 0.000251 -8.918e-05 0 -8.918e-05 1.4 1.4 12 12 0.00025 0.00025 0.00025 -0.0001501 0 -0.0001501
2 110 2601 1318 1283 1.3 0 1.027 2000 1000 1000 1 0 1 0 0.4947 0.09819 0.9019 0.5001 0.09822 0.902 1.85 1.85 6 6 0.0004037 0.0004036 0.0004036 -0.0001282 0 -0.0001282 1.5 1.5 11 11 0.000375 0.0003748 0.0003748 -0.0004504 -2.22e-16 -0.0004504
2 115 2576 1336 1240 1.288 0 1.077 2000 1000 1000 1 0 1 0 0.4853 0.0984 0.9022 0.5003 0.0986 0.902 1.55 1.55 10 10 0.000427 0.0004269 0.0004269 -0.0003355 0 -0.0003355 1.8 1.8 6 6 0.00075 0.0007497 0.0007497 -0.0004588 0 -0.0004588
2 120 2580 1264 1316 1.29 0 0.9605 2000 1000 1000 1 0 1 0 0.5087 0.09905 0.9021 0.5005 0.09887 0.9021 1.5 1.5 12 12 0.0002519 0.0002519 0.0002519 -0.0001342 0 -0.0001342 1.5 1.5 12 12 0.000425 0.0004248 0.0004248 -0.000368 -2.22e-16 -0.000368
2 125 2560 1227 1333 1.28 0 0.9205 2000 1000 1000 1 0 1 0 0.5168 0.09826 0.902 0.5002 0.09862 0.9018 1.5 1.5 11 11 0.0002539 0.0002539 0.0002539 -0.0001052 0 -0.0001052 1.65 1.65 7 7 0.000425 0.0004249 0.0004249 -0.0001472 -2.22e-16 -0.0001472
2 130 2614 1319 1295 1.307 0 1.019 2000 1000 1000 1 0 1 0 0.4965 0.09836 0.902 0.5 0.09821 0.9018 1.65 1.65 9 9 0.0004591 0.0004589 0.0004589 -0.000311 0 -0.000311 1.6 1.6 10 10 0.00035 0.00035 0.00035 -0.0001072 0 -0.0001072
2 135 2533 1262 1271 1.266 0 0.9929 2000 1000 1000 1 0 1 0 0.5018 0.09889 0.9019 0.5004 0.09864 0.9022 1.45 1.45 12 12 0.0002566 0.0002566 0.0002566 -0.0001823 0 -0.0001823 1.3 1.3 15 15 0.000175 0.000175 0.000175 -0.0001429 0 -0.0001429
2 140 2506 1243 1263 1.253 0 0.9842 2000 1000 1000 1 0 1 0 0.5034 0.09834 0.902 0.5002 0.09832 0.902 1.7 1.7 10 10 0.0005188 0.0005185 0.0005185 -0.0004455 -2.22e-16 -0.0004455 1.6 1.6 10 10 0.0008 0.000799 0.000799 -0.001244 -2.22e-16 -0.001244
2 145 2526 1263 1263 1.263 0 1 2000 1000 1000 1 0 1 0 0.4849 0.06763 0.9022 0.4946 0.08699 0.9023 1.6 1.6 9 9 0.0003365 0.0003365 0.0003365 -0.0001398 0 -0.0001398 1.4 1.4 12 12 0.00035 0.0003499 0.0003499 -0.0003574 -2.22e-16 -0.0003574
2 150 2632 1355 1277 1.316 0 1.061 2000 1000 1000 1 0 1 0 0.4667 0.05638 0.902 0.483 0.06414 0.9018 1.55 1.55 9 9 0.0003419 0.0003419 0.0003419 -0.0001901 0 -0.0001901 1.65 1.65 8 8 0.00035 0.00035 0.00035 -5.36e-05 -2.22e-16 -5.36e-05
2 155 1841 939 902 0.9205 0 1.041 1413 699 714 0.7065 0 0.979 0 0.4727 0.06036 0.902 0.4905 0.06991 0.9023 1.4 1.4 12 12 0.0003531 0.0003529 0.0003529 -0.0003764 1.11e-16 -0.0003764 1.4 1.4 13 13 0.0003185 0.0003184 0.0003184 -0.000118 0 -0.000118
2 160 1276 658 618 0.638 0 1.065 983 503 480 0.4915 0 1.048 0 0.438 0.002389 0.9019 0.4428 0.005833 0.9007 1.3 1.3 14 14 0.0005094 0.000509 0.000509 -0.0007849 0 -0.0007849 1.3 1.3 14 14 0.0005595 0.0005591 0.0005591 -0.0006484 0 -0.0006484
2 165 761 395 366 0.3805 0 1.079 599 300 299 0.2995 0 1.003 0 0.4343 0.0005291 0.9025 0.4506 0.0005328 0.9021 1.2 1.2 17 17 0.0002628 0.0002628 0.0002628 -0.0001645 2.22e-16 -0.0001645 1.25 1.25 17 17 0.0005008 0.0005005 0.0005005 -0.0006973 0 -0.0006973
2 170 514 287 227 0.257 0 1.264 393 189 204 0.1965 0 0.9265 0 0.3984 0 0.9021 0.4688 0.001059 0.9021 1.4 1.4 13 13 0.001265 0.001263 0.001263 -0.001276 -2.22e-16 -0.001276 1.2 1.2 16 16 0.0006361 0.0006358 0.0006358 -0.0005105 -2.22e-16 -0.0005105
2 175 418 216 202 0.209 0 1.069 340 172 168 0.17 0 1.024 0 0.436 0 0.9021 0.446 0.0004103 0.9021 1.15 1.15 17 17 0.0004785 0.0004782 0.0004782 -0.0005999 0 -0.0005999 1.35 1.35 14 14 0.001029 0.001029 0.001029 -0.0002107 0 -0.0002107
2 180 375 178 197 0.1875 0 0.9036 275 140 135 0.1375 0 1.037 0 0.4747 0.001334 0.9024 0.4437 0.00163 0.9021 1.2 1.2 16 16 0.001333 0.00133 0.00133 -0.002681 0 -0.002681 1.2 1.2 16 16 0.0007273 0.0007273 0.0007273 3.775e-15 1.11e-16 3.886e-15
2 185 263 136 127 0.1315 0 1.071 193 103 90 0.0965 0 1.144 0 0.4358 0 0.9025 0.4207 0 0.9021 1.35 1.35 13 13 0.001901 0.001898 0.001898 -0.001529 0 -0.001529 1.2 1.2 16 16 0.001036 0.001036 0.001036 9.992e-16 2.22e-16 1.221e-15
2 190 193 95 98 0.0965 0 0.9694 138 74 64 0.069 0 1.156 0 0.4581 0 0.9021 0.4184 0 0.9021 1.05 1.05 19 19 0.0002591 0.0002591 0.0002591 1.887e-15 2.22e-16 2.109e-15 1.05 1.05 19 19 0.0003623 0.0003623 0.0003623 6.883e-15 -2.22e-16 6.772e-15
2 195 153 74 79 0.0765 0 0.9367 104 50 54 0.052 0 0.9259 0 0.4652 0 0.901 0.4684 0 0.9021 1 1 20 20 0 0 0 nan nan nan 1 1 20 20 0 0 0 nan nan nan
2 200 75 39 36 0.0375 0 1.083 63 27 36 0.0315 0 0.75 0 0.433 0 0.9021 0.5155 0 0.9021 1 1 20 20 0 0 0 nan nan nan 1 1 20 20 0 0 0 nan nan nan
2 205 317 171 146 0.1585 0 1.171 216 112 104 0.108 0 1.077 0 0.4156 0.0001156 0.9022 0.4344 0 0.9021 1.15 1.15 17 17 0.0007886 0.0007876 0.0007876 -0.001267 0 -0.001267 1.1 1.1 18 18 0.000463 0.000463 0.000463 -3.708e-14 -2.22e-16 -3.708e-14
2 210 1327 699 628 0.6635 0 1.113 937 493 444 0.4685 0 1.11 0 0.4268 0.00071 0.9011 0.4272 0.0005434 0.901 1.2 1.2 16 16 0.0003014 0.0003012 0.0003012 -0.0006603 0 -0.0006603 1.2 1.2 16 16 0.0002668 0.0002668 0.0002668 -0.0002137 0 -0.0002137
2 215 2565 1279 1286 1.282 0 0.9946 2000 1000 1000 1 0 1 0 0.4524 0.0001728 0.9021 0.4511 0.0001039 0.9021 1.6 1.6 10 10 0.0003704 0.0003703 0.0003703 -0.0002772 0 -0.0002772 1.3 1.3 14 14 0.000225 0.000225 0.000225 -0.0001668 -2.22e-16 -0.0001668
2 220 2593 1273 1320 1.296 0 0.9644 2000 1000 1000 1 0 1 0 0.4594 0 0.9024 0.4511 6.203e-05 0.9021 1.8 1.8 7 7 0.0005206 0.0005204 0.0005204 -0.0003645 0 -0.0003645 1.65 1.65 8 8 0.00045 0.0004499 0.0004499 -0.0001807 -2.22e-16 -0.0001807
2 225 2541 1245 1296 1.27 0 0.9606 2000 1000 1000 1 0 1 0 0.4598 4.562e-05 0.9016 0.4511 5.679e-05 0.9021 1.95 1.95 6 6 0.000551 0.0005508 0.0005508 -0.0002672 0 -0.0002672 1.75 1.75 9 9 0.0006 0.0005998 0.0005998 -0.0002919 0 -0.0002919
2 230 2555 1302 1253 1.278 0 1.039 2000 1000 1000 1 0 1 0 0.4425 0.0001206 0.9021 0.451 3.359e-05 0.902 1.5 1.5 11 11 0.0003131 0.000313 0.000313 -0.000257 -2.22e-16 -0.000257 1.65 1.65 8 8 0.00045 0.0004499 0.0004499 -0.0002363 0 -0.0002363
2 235 2558 1272 1286 1.279 0 0.9891 2000 1000 1000 1 0 1 0 0.4538 0.0007799 0.9018 0.451 0.0001679 0.9018 1.5 1.5 11 11 0.0003518 0.0003517 0.0003517 -0.0005 0 -0.0005 1.4 1.4 12 12 0.0003 0.0002999 0.0002999 -0.0002919 0 -0.0002919
2 240 2505 1270 1235 1.252 0 1.028 2000 1000 1000 1 0 1 0 0.4448 5.224e-05 0.9022 0.451 3.138e-05 0.902 1.7 1.7 8 8 0.000519 0.0005188 0.0005188 -0.0003611 0 -0.0003611 1.65 1.65 8 8 0.0005 0.0004999 0.0004999 -0.0002752 -2.22e-16 -0.0002752
2 245 2515 1252 1263 1.258 0 0.9913 2000 1000 1000 1 0 1 0 0.4531 2.404e-05 0.9023 0.451 0.0001346 0.9019 1.65 1.65 8 8 0.0005964 0.0005961 0.0005961 -0.0004842 0 -0.0004842 1.5 1.5 10 10 0.00035 0.0003499 0.0003499 -0.0003574 -2.22e-16 -0.0003574
2 250 2560 1267 1293 1.28 0 0.9799 2000 1000 1000 1 0 1 0 0.4557 9.46e-05 0.9022 0.4511 1.4e-05 0.9021 1.5 1.5 12 12 0.0002734 0.0002734 0.0002734 -0.0001535 0 -0.0001535 1.7 1.7 8 8 0.0004 0.0004 0.0004 -0.0001094 -2.22e-16 -0.0001094
2 255 2579 1272 1307 1.29 0 0.9732 2000 1000 1000 1 0 1 0 0.4573 0 0.9024 0.4511 0 0.9022 1.55 1.55 11 11 0.000349 0.0003489 0.0003489 -0.0002371 0 -0.0002371 1.65 1.65 12 12 0.000525 0.0005248 0.0005248 -0.0004409 0 -0.0004409
2 260 2593 1302 1291 1.296 0 1.009 2000 1000 1000 1 0 1 0 0.4491 2.52e-05 0.9021 0.4509 1.472e-05 0.9017 1.6 1.6 11 11 0.0004242 0.000424 0.000424 -0.0004298 -2.22e-16 -0.0004298 1.45 1.45 13 13 0.000275 0.0002749 0.0002749 -0.0002047 0 -0.0002047
2 265 2540 1285 1255 1.27 0 1.024 2000 1000 1000 1 0 1 0 0.4456 0.0002153 0.9015 0.4511 0.0001506 0.9021 1.65 1.65 9 9 0.0004724 0.0004723 0.0004723 -0.0003694 1.11e-16 -0.0003694 1.65 1.65 8 8 0.000475 0.0004749 0.0004749 -0.0003029 -2.22e-16 -0.0003029
2 270 2548 1292 1256 1.274 0 1.029 2000 1000 1000 1 0 1 0 0.4445 4.348e-05 0.9018 0.451 1.508e-05 0.902 2.1 2.1 4 4 0.0007849 0.0007846 0.0007846 -0.0003731 0 -0.0003731 1.75 1.75 7 7 0.0005 0.0004999 0.0004999 -0.0001626 0 -0.0001626
2 275 2571 1285 1286 1.286 0 0.9992 2000 1000 1000 1 0 1 0 0.4513 3.849e-05 0.9021 0.4512 5.145e-05 0.9023 1.55 1.55 9 9 0.0004667 0.0004665 0.0004665 -0.0004379 0 -0.0004379 1.45 1.45 11 11 0.0003 0.0002999 0.0002999 -0.0002502 -2.22e-16 -0.0002502
2 280 2539 1286 1253 1.27 0 1.026 2000 1000 1000 1 0 1 0 0.4452 1.714e-05 0.9021 0.4511 0.0001094 0.9021 1.45 1.45 12 12 0.0004726 0.0004724 0.0004724 -0.0005585 0 -0.0005585 1.65 1.65 8 8 0.0006 0.0005997 0.0005997 -0.0005631 0 -0.0005631
2 285 2504 1237 1267 1.252 0 0.9763 2000 1000 1000 1 0 1 0 0.4567 0.0002524 0.9023 0.4511 5.521e-06 0.9021 1.5 1.5 11 11 0.02648 0.01962 0.01962 -0.3498 0 -0.3498 1.5 1.5 12 12 0.00035 0.0003499 0.0003499 -0.0002323 -2.22e-16 -0.0002323
2 290 2541 1256 1285 1.27 0 0.9774 2000 1000 1000 1 0 1 0 0.4563 7.545e-05 0.9022 0.451 0 0.902 1.65 1.65 7 7 0.001377 0.001368 0.001368 -0.006995 0 -0.006995 1.5 1.5 10 10 0.002 0.001973 0.001973 -0.01365 0 -0.01365
2 295 2501 1282 1219 1.25 0 1.052 2000 1000 1000 1 0 1 0 0.4396 3.68e-05 0.9018 0.4508 8.85e-05 0.9016 1.45 1.45 13 13 0.0003998 0.0003996 0.0003996 -0.0005203 0 -0.0005203 1.4 1.4 12 12 0.0003 0.0002999 0.0002999 -0.0002502 -2.22e-16 -0.0002502
2 300 2580 1269 1311 1.29 0 0.968 2000 1000 1000 1 0 1 0 0.4585 0.0003621 0.9019 0.4512 0.0002535 0.9022 1.75 1.75 8 8 0.0006977 0.0006972 0.0006972 -0.0006844 -2.22e-16 -0.0006844 1.5 1.5 11 11 0.000525 0.0005247 0.0005247 -0.0006555 -2.22e-16 -0.0006555
2 305 2010 1021 989 1.005 0 1.032 1573 797 776 0.7865 0 1.027 0 0.4437 0.0006558 0.9011 0.4448 8.606e-05 0.9016 1.5 1.5 11 11 0.0005721 0.0005718 0.0005718 -0.0005738 0 -0.0005738 1.7 1.7 9 9 0.0006993 0.000699 0.000699 -0.0004918 -2.22e-16 -0.0004918
2 310 2009 942 1067 1.004 0 0.8828 1540 788 752 0.77 0 1.048 0 0.4793 0.0002445 0.9022 0.4405 9.538e-05 0.9019 1.5 1.5 11 11 0.0002738 0.0002737 0.0002737 -6.791e-05 -2.22e-16 -6.791e-05 1.6 1.6 10 10 0.0005519 0.0005518 0.0005518 -0.0002676 0 -0.0002676
2 315 1727 881 846 0.8635 0 1.041 1388 677 711 0.694 0 0.9522 0 0.442 0.0001713 0.9021 0.4623 0.0001383 0.9023 1.4 1.4 13 13 0.0004343 0.0004341 0.0004341 -0.0003864 -2.22e-16 -0.0003864 1.45 1.45 12 12 0.0003602 0.0003602 0.0003602 -0.0001082 0 -0.0001082
2 320 1244 610 634 0.622 0 0.9621 982 482 500 0.491 0 0.964 0 0.4599 0.0002449 0.9022 0.4593 0 0.9021 1.3 1.3 14 14 0.02002 0.01613 0.01613 -0.2412 0 -0.2412 1.3 1.3 15 15 0.02536 0.02371 0.02371 -0.06946 0 -0.06946
3 1 2642 1284 1358 1.321 0 0.9455 2000 1000 1000 1 0 1 0 0.5261 0.539 0.5139 0.4963 0.4972 0.4955 12 12 0 0 0.9162 0.8059 0.8059 -0.1369 0 -0.1369 12 12 0 0 0.9175 0.9166 0.9166 -0.0009056 0 -0.0009056
3 5 2532 1244 1288 1.266 0 0.9658 2000 1000 1000 1 0 1 0 0.4168 0.4276 0.4064 0.5567 0.5859 0.5275 12 12 0 0 0.5297 0.4751 0.4751 -0.115 0 -0.115 12 12 0 0 0.579 0.5183 0.5183 -0.1172 0 -0.1172
3 10 2501 1263 1238 1.25 0 1.02 2000 1000 1000 1 0 1 0 0.3652 0.2889 0.443 0.3718 0.3021 0.4414 4.85 4.85 0 0 0.3507 0.3176 0.3176 -0.1041 0 -0.1041 5.45 5.45 0 0 0.3864 0.3419 0.3419 -0.1299 0 -0.1299
3 15 2547 1302 1245 1.274 0 1.046 2000 1000 1000 1 0 1 0 0.3185 0.1987 0.4439 0.3305 0.2171 0.4439 3.25 3.25 1 1 0.1762 0.1592 0.1592 -0.1069 0 -0.1069 3.05 3.05 1 1 0.1862 0.1577 0.1577 -0.1804 -2.22e-16 -0.1804
3 20 2520 1242 1278 1.26 0 0.9718 2000 1000 1000 1 0 1 0 0.316 0.1843 0.4441 0.3146 0.1849 0.4444 1.85 1.85 6 6 0.07597 0.07263 0.07263 -0.04607 0 -0.04607 2.05 2.05 6 6 0.1014 0.08999 0.08999 -0.1271 0 -0.1271
3 25 2567 1272 1295 1.284 0 0.9822 2000 1000 1000 1 0 1 0 0.3152 0.1839 0.4443 0.3141 0.1839 0.4442 1.9 1.9 5 5 0.02912 0.02372 0.02372 -0.2275 -2.22e-16 -0.2275 1.95 1.95 6 6 0.03565 0.03456 0.03456 -0.03168 0 -0.03168
3 30 2576 1314 1262 1.288 0 1.041 2000 1000 1000 1 0 1 0 0.3115 0.1839 0.4443 0.3141 0.1841 0.4441 1.75 1.75 8 8 0.03189 0.02209 0.02209 -0.4435 0 -0.4435 1.9 1.9 7 7 0.0262 0.02415 0.02415 -0.0848 0 -0.0848
3 35 2572 1255 1317 1.286 0 0.9529 2000 1000 1000 1 0 1 0 0.317 0.1839 0.4439 0.3141 0.184 0.4441 1.65 1.65 10 10 0.01464 0.01258 0.01258 -0.1637 1.11e-16 -0.1637 1.5 1.5 11 11 0.02925 0.02086 0.02086 -0.4024 -2.22e-16 -0.4024
3 40 2548 1230 1318 1.274 0 0.9332 2000 1000 1000 1 0 1 0 0.3185 0.1839 0.4441 0.3141 0.1839 0.4442 1.9 1.9 7 7 0.001119 0.001116 0.001116 -0.002676 0 -0.002676 1.8 1.8 5 5 0.001525 0.001516 0.001516 -0.006048 -2.22e-16 -0.006048
3 45 2559 1222 1337 1.28 0 0.914 2000 1000 1000 1 0 1 0 0.32 0.1841 0.4443 0.3141 0.184 0.4442 1.8 1.8 8 8 0.0004689 0.0004688 0.0004688 -0.0003422 -2.22e-16 -0.0003422 1.45 1.45 12 12 0.000275 0.000275 0.000275 -0.0001365 0 -0.0001365
3 50 2558 1284 1274 1.279 0 1.008 2000 1000 1000 1 0 1 0 0.3135 0.184 0.4441 0.3138 0.1837 0.4439 1.75 1.75 8 8 0.0004496 0.0004495 0.0004495 -0.0002296 1.11e-16 -0.0002296 1.65 1.65 8 8 0.0005 0.0004998 0.0004998 -0.0003753 -2.22e-16 -0.0003753
3 55 2654 1364 1290 1.327 0 1.057 2000 1000 1000 1 0 1 0 0.3104 0.1838 0.4443 0.314 0.184 0.444 1.4 1.4 12 12 0.0002261 0.000226 0.000226 -0.0001571 1.11e-16 -0.0001571 1.35 1.35 13 13 0.0002 0.0002 0.0002 -6.254e-05 -2.22e-16 -6.254e-05
3 60 2580 1309 1271 1.29 0 1.03 2000 1000 1000 1 0 1 0 0.3123 0.1842 0.4441 0.3141 0.1841 0.4441 1.95 1.95 6 6 0.0005426 0.0005425 0.0005425 -0.0003048 0 -0.0003048 1.6 1.6 8 8 0.00035 0.00035 0.00035 -7.147e-05 -2.22e-16 -7.147e-05
3 65 2610 1297 1313 1.305 0 0.9878 2000 1000 1000 1 0 1 0 0.3149 0.184 0.4443 0.3141 0.1839 0.4443 1.4 1.4 13 13 0.000364 0.0003638 0.0003638 -0.000444 -2.22e-16 -0.000444 1.6 1.6 9 9 0.00035 0.00035 0.00035 -8.934e-05 0 -8.934e-05
3 70 2560 1247 1313 1.28 0 0.9497 2000 1000 1000 1 0 1 0 0.3175 0.1842 0.4441 0.3141 0.184 0.4443 1.55 1.55 9 9 0.000332 0.000332 0.000332 -0.0001609 0 -0.0001609 1.65 1.65 8 8 0.0006 0.0005997 0.0005997 -0.0004275 -2.22e-16 -0.0004275
3 75 2538 1304 1234 1.269 0 1.057 2000 1000 1000 1 0 1 0 0.3106 0.1842 0.4442 0.3139 0.1838 0.4439 1.55 1.55 13 13 0.0003152 0.0003151 0.0003151 -0.0002218 -2.22e-16 -0.0002218 1.75 1.75 8 8 0.0006 0.0005998 0.0005998 -0.0003232 0 -0.0003232
3 80 2569 1270 1299 1.284 0 0.9777 2000 1000 1000 1 0 1 0 0.3157 0.1842 0.4443 0.3142 0.184 0.4443 1.5 1.5 10 10 0.0002919 0.0002919 0.0002919 -0.0001558 0 -0.0001558 1.5 1.5 11 11 0.00035 0.0003499 0.0003499 -0.0001966 -2.22e-16 -0.0001966
3 85 2531 1279 1252 1.266 0 1.022 2000 1000 1000 1 0 1 0 0.3125 0.1841 0.4436 0.3141 0.184 0.4441 1.6 1.6 10 10 0.0002568 0.0002568 0.0002568 -6.081e-05 0 -6.081e-05 1.45 1.45 13 13 0.0004 0.0003998 0.0003998 -0.0004379 0 -0.0004379
3 90 2482 1237 1245 1.241 0 0.9936 2000 1000 1000 1 0 1 0 0.3149 0.1843 0.4446 0.3141 0.184 0.4442 1.5 1.5 12 12 0.0003626 0.0003625 0.0003625 -0.0003584 0 -0.0003584 1.5 1.5 11 11 0.0003 0.0003 0.0003 -0.0001459 0 -0.0001459
3 95 2606 1319 1287 1.303 0 1.025 2000 1000 1000 1 0 1 0 0.3125 0.1839 0.4443 0.3141 0.184 0.4442 1.7 1.7 9 9 0.0004605 0.0004603 0.0004603 -0.000328 0 -0.000328 1.65 1.65 9 9 0.0004 0.0003999 0.0003999 -0.0001251 -2.22e-16 -0.0001251
3 100 2514 1222 1292 1.257 0 0.9458 2000 1000 1000 1 0 1 0 0.3179 0.1839 0.4446 0.314 0.1839 0.4442 1.65 1.65 9 9 0.0004972 0.000497 0.000497 -0.0003583 2.22e-16 -0.0003583 1.55 1.55 10 10 0.0004 0.0003999 0.0003999 -0.0002658 -2.22e-16 -0.0002658
3 105 2483 1191 1292 1.242 0 0.9218 2000 1000 1000 1 0 1 0 0.3195 0.184 0.4445 0.3142 0.1842 0.4442 1.85 1.85 6 6 0.000584 0.0005838 0.0005838 -0.0003405 0 -0.0003405 1.7 1.7 7 7 0.000575 0.0005748 0.0005748 -0.000359 -2.22e-16 -0.000359
3 110 2480 1271 1209 1.24 0 1.051 2000 1000 1000 1 0 1 0 0.3108 0.1839 0.4442 0.314 0.1838 0.4442 1.7 1.7 7 7 0.0004234 0.0004233 0.0004233 -0.0001729 1.11e-16 -0.0001729 1.85 1.85 4 4 0.000725 0.0007248 0.0007248 -0.0003192 -2.22e-16 -0.0003192
3 115 2502 1243 1259 1.251 0 0.9873 2000 1000 1000 1 0 1 0 0.315 0.1841 0.4442 0.3144 0.1842 0.4447 1.85 1.85 3 3 0.0004796 0.0004796 0.0004796 -0.0001333 0 -0.0001333 1.6 1.6 10 10 0.0005 0.0004998 0.0004998 -0.0004129 -2.22e-16 -0.0004129
3 120 2559 1306 1253 1.28 0 1.042 2000 1000 1000 1 0 1 0 0.3114 0.1841 0.4441 0.3142 0.1842 0.4442 1.6 1.6 10 10 0.0003126 0.0003126 0.0003126 -0.0001466 -2.22e-16 -0.0001466 1.45 1.45 11 11 0.0003 0.0003 0.0003 -0.0001251 -2.22e-16 -0.0001251
3 125 2483 1234 1249 1.242 0 0.988 2000 1000 1000 1 0 1 0 0.3148 0.1839 0.4441 0.3142 0.184 0.4444 1.3 1.3 14 14 0.0001611 0.0001611 0.0001611 -0.0001511 0 -0.0001511 1.45 1.45 11 11 0.0003 0.0002999 0.0002999 -0.0001668 0 -0.0001668
3 130 2482 1223 1259 1.241 0 0.9714 2000 1000 1000 1 0 1 0 0.3163 0.1843 0.4446 0.3139 0.1838 0.4441 1.75 1.75 8 8 0.0005842 0.000584 0.000584 -0.000438 0 -0.000438 1.55 1.55 10 10 0.000675 0.0006746 0.0006746 -0.0005932 -2.22e-16 -0.0005932
3 135 2448 1222 1226 1.224 0 0.9967 2000 1000 1000 1 0 1 0 0.3144 0.1842 0.4442 0.3142 0.1842 0.4442 1.65 1.65 8 8 0.002063 0.002032 0.002032 -0.01503 0 -0.01503 1.3 1.3 14 14 0.003175 0.003083 0.003083 -0.02994 0 -0.02994
3 140 2478 1268 1210 1.239 0 1.048 2000 1000 1000 1 0 1 0 0.3112 0.1842 0.4443 0.3141 0.1841 0.444 1.6 1.6 8 8 0.02534 0.01916 0.01916 -0.323 0 -0.323 1.6 1.6 9 9 0.00075 0.0007495 0.0007495 -0.0006758 0 -0.0006758
3 145 2515 1232 1283 1.258 0 0.9602 2000 1000 1000 1 0 1 0 0.3168 0.1841 0.4441 0.3143 0.1841 0.4444 1.6 1.6 9 9 0.02642 0.02518 0.02518 -0.04932 -2.22e-16 -0.04932 1.5 1.5 10 10 0.0257 0.02415 0.02415 -0.06428 -2.22e-16 -0.06428
3 150 2541 1265 1276 1.27 0 0.9914 2000 1000 1000 1 0 1 0 0.3147 0.184 0.4443 0.3141 0.1841 0.4442 1.75 1.75 7 7 0.003857 0.003744 0.003744 -0.03013 0 -0.03013 1.45 1.45 11 11 0.00695 0.006512 0.006512 -0.06719 0 -0.06719
3 155 1440 702 738 0.72 0 0.9512 1152 591 561 0.576 0 1.053 0 0.3173 0.184 0.444 0.3108 0.184 0.4444 1.5 1.5 11 11 0.00184 0.001824 0.001824 -0.00899 0 -0.00899 1.65 1.65 10 10 0.004167 0.004053 0.004053 -0.02805 0 -0.02805
3 160 719 367 352 0.3595 0 1.043 580 286 294 0.29 0 0.9728 0 0.3113 0.184 0.4441 0.3159 0.184 0.4442 1.2 1.2 16 16 0.0002782 0.0002782 0.0002782 -1.932e-14 0 -1.932e-14 1.25 1.25 15 15 0.000431 0.000431 0.000431 -4.707e-14 -2.22e-16 -4.707e-14
3 165 404 209 195 0.202 0 1.072 353 160 193 0.1765 0 0.829 0 0.3103 0.1845 0.4451 0.3263 0.184 0.4442 1.15 1.15 17 17 0.000495 0.0004947 0.0004947 -0.0006207 2.22e-16 -0.0006207 1.05 1.05 19 19 0.0001416 0.0001416 0.0001416 -3.086e-14 0 -3.086e-14
3 170 263 129 134 0.1315 0 0.9627 183 96 87 0.0915 0 1.103 0 0.3178 0.1865 0.4443 0.3089 0.1862 0.4442 1.1 1.1 18 18 0.0003802 0.0003802 0.0003802 -1.332e-14 0 -1.332e-14 1 1 20 20 0 0 0 nan nan nan
3 175 154 78 76 0.077 0 1.026 117 59 58 0.0585 0 1.017 0 0.3124 0.184 0.4442 0.3122 0.1824 0.4442 1.15 1.15 17 17 0.001623 0.001617 0.001617 -0.003937 0 -0.003937 1.1 1.1 18 18 0.0008547 0.0008547 0.0008547 -1.488e-14 0 -1.488e-14
3 180 96 48 48 0.048 0 1 107 46 61 0.0535 0 0.7541 0 0.3141 0.184 0.4442 0.3324 0.184 0.4442 1.1 1.1 18 18 0.001042 0.001042 0.001042 2.331e-15 0 2.331e-15 1.1 1.1 18 18 0.0009346 0.0009346 0.0009346 -1.066e-14 0 -1.066e-14
3 185 77 34 43 0.0385 0 0.7907 57 30 27 0.0285 0 1.111 0 0.3293 0.184 0.4442 0.3073 0.184 0.4442 1 1 20 20 0 0 0 nan nan nan 1 1 20 20 0 0 0 nan nan nan
3 190 58 25 33 0.029 0 0.7576 32 20 12 0.016 0 1.667 0 0.3321 0.184 0.4442 0.2816 0.184 0.4442 1 1 20 20 0 0 0 nan nan nan 1 1 20 20 0 0 0 nan nan nan
3 195 12 6 6 0.006 0 1 7 4 3 0.0035 0 1.333 0 0.3141 0.184 0.4442 0.2955 0.184 0.4442 1 1 20 20 0 0 0 nan nan nan 1 1 20 20 0 0 0 nan nan nan
3 200 8 5 3 0.004 0 1.667 5 3 2 0.0025 0 1.5 0 0.2816 0.184 0.4442 0.2881 0.184 0.4442 1 1 20 20 0 0 0 nan nan nan 1 1 20 20 0 0 0 nan nan nan
3 205 19 8 11 0.0095 0 0.7273 16 7 9 0.008 0 0.7778 0 0.3347 0.184 0.4442 0.3304 0.184 0.4442 1 1 20 20 0 0 0 nan nan nan 1 1 20 20 0 0 0 nan nan nan
3 210 33 15 18 0.0165 0 0.8333 31 16 15 0.0155 0 1.067 0 0.3259 0.184 0.4442 0.3099 0.184 0.4442 1 1 20 20 0 0 0 nan nan nan 1 1 20 20 0 0 0 nan nan nan
3 215 87 41 46 0.0435 0 0.8913 73 35 38 0.0365 0 0.9211 0 0.3216 0.184 0.4442 0.3195 0.184 0.4442 1 1 20 20 0 0 0 nan nan nan 1.15 1.15 17 17 0.002055 0.002055 0.002055 8.882e-16 2.22e-16 1.11e-15
3 220 228 109 119 0.114 0 0.916 169 90 79 0.0845 0 1.139 0 0.3194 0.1832 0.4442 0.3056 0.184 0.4442 1 1 20 20 0 0 0 nan nan nan 1.1 1.1 18 18 0.0005917 0.0005917 0.0005917 1.377e-14 0 1.377e-14
3 225 589 298 291 0.2945 0 1.024 461 237 224 0.2305 0 1.058 0 0.3126 0.184 0.4442 0.3107 0.184 0.4447 1.1 1.1 18 18 0.0001698 0.0001698 0.0001698 -8.549e-14 -2.22e-16 -8.549e-14 1.2 1.2 16 16 0.0004338 0.0004338 0.0004338 -3.997e-15 -2.22e-16 -4.219e-15
3 230 1749 885 864 0.8745 0 1.024 1444 706 738 0.722 0 0.9566 0 0.3123 0.1839 0.4439 0.317 0.1841 0.4442 1.35 1.35 13 13 0.0002859 0.0002858 0.0002858 -0.0003434 0 -0.0003434 1.2 1.2 16 16 0.0002078 0.0002077 0.0002077 -0.0003466 1.11e-16 -0.0003466
3 235 2503 1259 1244 1.252 0 1.012 2000 1000 1000 1 0 1 0 0.313 0.1838 0.4438 0.3143 0.1839 0.4446 1.6 1.6 10 10 0.0004195 0.0004192 0.0004192 -0.0006761 0 -0.0006761 1.5 1.5 11 11 0.00035 0.0003499 0.0003499 -0.0002859 -2.22e-16 -0.0002859
3 240 2477 1247 1230 1.238 0 1.014 2000 1000 1000 1 0 1 0 0.3136 0.1841 0.4449 0.3142 0.184 0.4443 1.55 1.55 10 10 0.0002826 0.0002826 0.0002826 -0.0001298 0 -0.0001298 1.4 1.4 14 14 0.000375 0.0003748 0.0003748 -0.0004504 0 -0.0004504
3 245 2526 1271 1255 1.263 0 1.013 2000 1000 1000 1 0 1 0 0.3135 0.1842 0.4445 0.3145 0.1844 0.4445 1.2 1.2 16 16 9.897e-05 9.896e-05 9.896e-05 -7.921e-05 0 -7.921e-05 1.05 1.05 19 19 2.5e-05 2.5e-05 2.5e-05 -1.643e-14 0 -1.643e-14
3 250 2478 1224 1254 1.239 0 0.9761 2000 1000 1000 1 0 1 0 0.3157 0.184 0.4442 0.314 0.1843 0.4438 1.6 1.6 9 9 0.0003027 0.0003026 0.0003026 -0.0001211 -2.22e-16 -0.0001211 1.45 1.45 11 11 0.000275 0.000275 0.000275 -9.096e-05 -2.22e-16 -9.096e-05
3 255 2485 1207 1278 1.242 0 0.9444 2000 1000 1000 1 0 1 0 0.3178 0.1839 0.4443 0.314 0.1838 0.4442 1.7 1.7 6 6 0.0004628 0.0004626 0.0004626 -0.0003152 0 -0.0003152 1.5 1.5 11 11 0.0004 0.0003999 0.0003999 -0.0003284 -2.22e-16 -0.0003284
3 260 2467 1282 1185 1.234 0 1.082 2000 1000 1000 1 0 1 0 0.309 0.1841 0.4442 0.3139 0.1843 0.4436 1.65 1.65 8 8 0.0003851 0.000385 0.000385 -0.0001601 -2.22e-16 -0.0001601 1.45 1.45 13 13 0.00025 0.00025 0.00025 -0.0001001 0 -0.0001001
3 265 2487 1234 1253 1.244 0 0.9848 2000 1000 1000 1 0 1 0 0.3151 0.1841 0.444 0.3144 0.1843 0.4444 1.7 1.7 8 8 0.02525 0.01909 0.01909 -0.3225 0 -0.3225 1.55 1.55 10 10 0.00045 0.0004499 0.0004499 -0.000278 0 -0.000278
3 270 2533 1302 1231 1.266 0 1.058 2000 1000 1000 1 0 1 0 0.3102 0.184 0.4437 0.3142 0.1842 0.4442 1.8 1.8 6 6 0.02566 0.01933 0.01933 -0.3272 0 -0.3272 1.6 1.6 9 9 0.02477 0.02543 0.02543 0.02572 -2.22e-16 0.02572
3 275 2455 1218 1237 1.228 0 0.9846 2000 1000 1000 1 0 1 0 0.3153 0.1844 0.4442 0.3143 0.1844 0.4442 1.7 1.7 8 8 0.001527 0.001516 0.001516 -0.007549 0 -0.007549 1.55 1.55 11 11 0.002375 0.002334 0.002334 -0.01739 0 -0.01739
3 280 2491 1272 1219 1.246 0 1.043 2000 1000 1000 1 0 1 0 0.3115 0.1842 0.4444 0.3143 0.1841 0.4445 1.5 1.5 11 11 0.02537 0.02479 0.02479 -0.02359 -2.22e-16 -0.02359 1.4 1.4 12 12 0.02558 0.02364 0.02364 -0.08196 0 -0.08196
3 285 2489 1270 1219 1.244 0 1.042 2000 1000 1000 1 0 1 0 0.3115 0.1842 0.4442 0.3141 0.1843 0.444 1.7 1.7 8 8 0.001908 0.001888 0.001888 -0.0106 -2.22e-16 -0.0106 1.5 1.5 12 12 0.00315 0.003119 0.003119 -0.01006 0 -0.01006
3 290 2432 1219 1213 1.216 0 1.005 2000 1000 1000 1 0 1 0 0.3139 0.1842 0.4443 0.3143 0.184 0.4446 1.7 1.7 9 9 0.0004934 0.0004932 0.0004932 -0.0005316 -2.22e-16 -0.0005316 1.65 1.65 8 8 0.000675 0.0006746 0.0006746 -0.0005654 -2.22e-16 -0.0005654
3 295 2466 1257 1209 1.233 0 1.04 2000 1000 1000 1 0 1 0 0.3115 0.1839 0.4442 0.3138 0.184 0.4437 1.6 1.6 10 10 0.0006083 0.0006078 0.0006078 -0.0007646 -2.22e-16 -0.0007646 1.45 1.45 12 12 0.000375 0.0003749 0.0003749 -0.0003169 -2.22e-16 -0.0003169
3 300 2414 1181 1233 1.207 0 0.9578 2000 1000 1000 1 0 1 0 0.317 0.1838 0.4445 0.3141 0.184 0.4442 1.55 1.55 10 10 0.0003728 0.0003727 0.0003727 -0.0002879 -2.22e-16 -0.0002879 1.65 1.65 7 7 0.00045 0.0004499 0.0004499 -0.0002224 0 -0.0002224
3 305 1721 854 867 0.8605 0 0.985 1455 685 770 0.7275 0 0.8896 0 0.315 0.1837 0.4444 0.3217 0.1839 0.4443 1.65 1.65 9 9 0.0004939 0.0004938 0.0004938 -0.0002737 2.22e-16 -0.0002737 1.4 1.4 12 12 0.0005842 0.0005839 0.0005839 -0.0005667 0 -0.0005667
3 310 667 343 324 0.3335 0 1.059 584 283 301 0.292 0 0.9402 0 0.3105 0.184 0.4445 0.3181 0.184 0.4443 1.25 1.25 15 15 0.0003748 0.0003748 0.0003748 -4.752e-14 1.11e-16 -4.73e-14 1.1 1.1 18 18 0.0001712 0.0001712 0.0001712 2.554e-15 0 2.554e-15
4 1 2640 1329 1311 1.32 0 1.014 2000 1000 1000 1 0 1 0 0.4204 0.307 0.5354 0.5051 0.496 0.5142 12 12 0 0 0.9145 0.8056 0.8056 -0.1351 0 -0.1351 12 12 0 0 0.9189 0.9167 0.9167 -0.002401 0 -0.002401
4 5 2667 1356 1311 1.333 0 1.034 2000 1000 1000 1 0 1 0 0.2663 0.2175 0.3168 0.3787 0.4139 0.3436 12 12 0 0 0.5813 0.5291 0.5291 -0.09865 -2.22e-16 -0.09865 12 12 0 0 0.6948 0.6237 0.6237 -0.114 0 -0.114
4 10 2569 1310 1259 1.284 0 1.041 2000 1000 1000 1 0 1 0 0.588 0.6685 0.5041 0.4763 0.495 0.4577 5.15 5.15 0 0 0.2851 0.2548 0.2548 -0.1189 0 -0.1189 6.6 6.6 0 0 0.3401 0.2966 0.2966 -0.1469 0 -0.1469
4 15 2588 1257 1331 1.294 0 0.9444 2000 1000 1000 1 0 1 0 0.6938 0.8421 0.5538 0.706 0.8367 0.5754 3.05 3.05 0 0 0.1896 0.1625 0.1625 -0.1674 0 -0.1674 3.1 3.1 1 1 0.2213 0.196 0.196 -0.1291 0 -0.1291
4 20 2585 1304 1281 1.292 0 1.018 2000 1000 1000 1 0 1 0 0.5763 0.845 0.3027 0.5927 0.8448 0.3405 2 2 4 4 0.08977 0.08307 0.08307 -0.08062 0 -0.08062 2.25 2.25 3 3 0.1193 0.1031 0.1031 -0.1575 -2.22e-16 -0.1575
4 25 2601 1340 1261 1.3 0 1.063 2000 1000 1000 1 0 1 0 0.5847 0.8447 0.3084 0.5973 0.8447 0.3498 2.25 2.25 4 4 0.07845 0.07231 0.07231 -0.08485 0 -0.08485 2 2 5 5 0.0879 0.08219 0.08219 -0.06949 -2.22e-16 -0.06949
4 30 2553 1265 1288 1.276 0 0.9821 2000 1000 1000 1 0 1 0 0.5553 0.8444 0.2714 0.5585 0.8445 0.2725 1.85 1.85 4 4 0.01702 0.01613 0.01613 -0.05486 0 -0.05486 1.85 1.85 5 5 0.03415 0.03049 0.03049 -0.12 -2.22e-16 -0.12
4 35 2543 1270 1273 1.272 0 0.9976 2000 1000 1000 1 0 1 0 0.5575 0.8447 0.271 0.5582 0.8448 0.2715 1.5 1.5 12 12 0.0007275 0.0007263 0.0007263 -0.001624 -2.22e-16 -0.001624 1.6 1.6 12 12 0.00105 0.001048 0.001048 -0.002346 0 -0.002346
4 40 2625 1295 1330 1.312 0 0.9737 2000 1000 1000 1 0 1 0 0.5542 0.8445 0.2715 0.5577 0.8442 0.2711 2.15 2.15 4 4 0.0006667 0.0006665 0.0006665 -0.0002396 0 -0.0002396 1.85 1.85 8 8 0.0005 0.0004999 0.0004999 -0.0001876 0 -0.0001876
4 45 2662 1325 1337 1.331 0 0.991 2000 1000 1000 1 0 1 0 0.5566 0.8447 0.271 0.5577 0.8444 0.271 1.55 1.55 11 11 0.0003757 0.0003755 0.0003755 -0.0003195 0 -0.0003195 1.5 1.5 12 12 0.000275 0.000275 0.000275 -9.096e-05 -2.22e-16 -9.096e-05
4 50 2510 1255 1255 1.255 0 1 2000 1000 1000 1 0 1 0 0.5578 0.8447 0.271 0.5579 0.8447 0.2712 1.45 1.45 11 11 0.0003984 0.0003983 0.0003983 -0.000319 0 -0.000319 1.6 1.6 10 10 0.00055 0.0005497 0.0005497 -0.0004664 0 -0.0004664
4 55 2607 1287 1320 1.304 0 0.975 2000 1000 1000 1 0 1 0 0.5544 0.8448 0.2713 0.5578 0.8445 0.2711 1.3 1.3 14 14 0.0001918 0.0001918 0.0001918 -0.0001919 -2.22e-16 -0.0001919 1.45 1.45 12 12 0.000325 0.0003249 0.0003249 -0.0002309 0 -0.0002309
4 60 2499 1273 1226 1.25 0 1.038 2000 1000 1000 1 0 1 0 0.5631 0.8447 0.2707 0.5576 0.8442 0.2709 1.2 1.2 16 16 0.00012 0.00012 0.00012 -0.0002002 -2.22e-16 -0.0002002 1.3 1.3 14 14 0.00025 0.0002499 0.0002499 -0.0003503 0 -0.0003503
4 65 2637 1313 1324 1.319 0 0.9917 2000 1000 1000 1 0 1 0 0.5567 0.8446 0.2712 0.5579 0.8447 0.2711 1.6 1.6 10 10 0.0004171 0.000417 0.000417 -0.0004054 1.11e-16 -0.0004054 1.6 1.6 9 9 0.000375 0.0003749 0.0003749 -0.0001334 -2.22e-16 -0.0001334
4 70 2596 1311 1285 1.298 0 1.02 2000 1000 1000 1 0 1 0 0.5639 0.8445 0.2776 0.5634 0.8446 0.2823 1.5 1.5 11 11 0.0003274 0.0003273 0.0003273 -0.0003061 -2.22e-16 -0.0003061 1.35 1.35 13 13 0.0002 0.0002 0.0002 -6.254e-05 -2.22e-16 -6.254e-05
4 75 2590 1278 1312 1.295 0 0.9741 2000 1000 1000 1 0 1 0 0.5539 0.8443 0.271 0.5581 0.8446 0.2716 1.75 1.75 10 10 0.0004054 0.0004053 0.0004053 -0.0002852 1.11e-16 -0.0002852 1.4 1.4 13 13 0.000375 0.0003748 0.0003748 -0.0005005 0 -0.0005005
4 80 2502 1230 1272 1.251 0 0.967 2000 1000 1000 1 0 1 0 0.553 0.8448 0.2708 0.5579 0.8449 0.271 1.65 1.65 10 10 0.0002598 0.0002598 0.0002598 -4.614e-05 -2.22e-16 -4.614e-05 1.55 1.55 11 11 0.000275 0.000275 0.000275 -4.548e-05 0 -4.548e-05
4 85 2609 1302 1307 1.304 0 0.9962 2000 1000 1000 1 0 1 0 0.5571 0.8443 0.271 0.5578 0.844 0.2716 1.5 1.5 11 11 0.000345 0.0003449 0.0003449 -0.0002663 0 -0.0002663 1.45 1.45 12 12 0.000375 0.0003749 0.0003749 -0.0002836 0 -0.0002836
4 90 2566 1314 1252 1.283 0 1.05 2000 1000 1000 1 0 1 0 0.5649 0.8446 0.2713 0.5576 0.8443 0.2708 1.65 1.65 10 10 0.0005066 0.0005064 0.0005064 -0.00045 -2.22e-16 -0.00045 1.4 1.4 13 13 0.000425 0.0004248 0.0004248 -0.0005152 -2.22e-16 -0.0005152
4 95 2599 1333 1266 1.3 0 1.053 2000 1000 1000 1 0 1 0 0.5654 0.8447 0.2712 0.5579 0.8448 0.2711 1.5 1.5 10 10 0.0003078 0.0003077 0.0003077 -0.0003128 0 -0.0003128 1.3 1.3 14 14 0.00035 0.0003497 0.0003497 -0.0007509 -2.22e-16 -0.0007509
4 100 2561 1321 1240 1.28 0 1.065 2000 1000 1000 1 0 1 0 0.5671 0.8448 0.2713 0.5578 0.8447 0.2709 1.5 1.5 12 12 0.0002538 0.0002538 0.0002538 -0.0001503 0 -0.0001503 1.65 1.65 10 10 0.000375 0.0003749 0.0003749 -0.0001334 0 -0.0001334
4 105 2550 1283 1267 1.275 0 1.013 2000 1000 1000 1 0 1 0 0.5597 0.8448 0.2711 0.5577 0.8445 0.2708 1.25 1.25 15 15 0.0001569 0.0001568 0.0001568 -0.0002943 2.22e-16 -0.0002943 1.6 1.6 10 10 0.0003 0.0003 0.0003 -4.169e-05 0 -4.169e-05
4 110 2635 1289 1346 1.317 0 0.9577 2000 1000 1000 1 0 1 0 0.5517 0.8447 0.2711 0.5579 0.8448 0.271 1.75 1.75 6 6 0.0003795 0.0003794 0.0003794 -0.0001614 1.11e-16 -0.0001614 1.6 1.6 9 9 0.00045 0.0004498 0.0004498 -0.0004588 -2.22e-16 -0.0004588
4 115 2553 1248 1305 1.276 0 0.9563 2000 1000 1000 1 0 1 0 0.5517 0.8447 0.2715 0.5579 0.8448 0.2709 1.6 1.6 10 10 0.0005092 0.0005087 0.0005087 -0.0009504 0 -0.0009504 1.55 1.55 10 10 0.00055 0.0005497 0.0005497 -0.0005574 -2.22e-16 -0.0005574
4 120 2585 1317 1268 1.292 0 1.039 2000 1000 1000 1 0 1 0 0.5726 0.8621 0.272 0.5577 0.8445 0.2708 1.7 1.7 10 10 0.0003288 0.0003288 0.0003288 -0.0001708 1.11e-16 -0.0001708 1.55 1.55 11 11 0.000375 0.0003749 0.0003749 -0.0002836 0 -0.0002836
4 125 2567 1308 1259 1.284 0 1.039 2000 1000 1000 1 0 1 0 0.5753 0.8681 0.271 0.5632 0.8555 0.271 1.95 1.95 6 6 0.000448 0.0004479 0.0004479 -0.0001356 -2.22e-16 -0.0001356 1.6 1.6 9 9 0.000325 0.000325 0.000325 -5.772e-05 0 -5.772e-05
4 130 2650 1318 1332 1.325 0 0.9895 2000 1000 1000 1 0 1 0 0.5837 0.8996 0.2712 0.5784 0.8856 0.2712 1.5 1.5 11 11 0.000283 0.0002829 0.0002829 -0.0003021 0 -0.0003021 1.55 1.55 11 11 0.000425 0.0004248 0.0004248 -0.0003974 0 -0.0003974
4 135 2623 1288 1335 1.312 0 0.9648 2000 1000 1000 1 0 1 0 0.5867 0.9136 0.2712 0.5919 0.9128 0.2711 1.65 1.65 9 9 0.0004194 0.0004192 0.0004192 -0.0003729 0 -0.0003729 1.65 1.65 8 8 0.000475 0.0004749 0.0004749 -0.0001975 -2.22e-16 -0.0001975
4 140 2557 1248 1309 1.278 0 0.9534 2000 1000 1000 1 0 1 0 0.5849 0.914 0.2712 0.5927 0.914 0.2714 1.75 1.75 7 7 0.0004889 0.0004887 0.0004887 -0.0002896 0 -0.0002896 1.45 1.45 11 11 0.000325 0.0003249 0.0003249 -0.0002694 -2.22e-16 -0.0002694
4 145 2644 1305 1339 1.322 0 0.9746 2000 1000 1000 1 0 1 0 0.5901 0.9141 0.2742 0.5948 0.9141 0.2756 1.85 1.85 6 6 0.0004349 0.0004349 0.0004349 -0.0001645 0 -0.0001645 1.45 1.45 13 13 0.000325 0.0003249 0.0003249 -0.0002502 0 -0.0002502
4 150 2545 1281 1264 1.272 0 1.013 2000 1000 1000 1 0 1 0 0.5946 0.914 0.2708 0.5924 0.9139 0.2709 1.7 1.7 8 8 0.0005501 0.0005499 0.0005499 -0.0003862 0 -0.0003862 1.5 1.5 10 10 0.000475 0.0004748 0.0004748 -0.0004214 0 -0.0004214
4 155 1900 943 957 0.95 0 0.9854 1427 730 697 0.7135 0 1.047 0 0.5897 0.9138 0.2704 0.5999 0.914 0.2709 1.5 1.5 12 12 0.02405 0.01846 0.01846 -0.303 0 -0.303 1.35 1.35 14 14 0.0003504 0.0003503 0.0003503 -0.0003858 1.11e-16 -0.0003858
4 160 1122 566 556 0.561 0 1.018 904 441 463 0.452 0 0.9525 0 0.5952 0.9141 0.2705 0.5846 0.9137 0.2711 1.15 1.15 17 17 0.001604 0.001582 0.001582 -0.0141 1.11e-16 -0.0141 1.25 1.25 15 15 0.002987 0.002912 0.002912 -0.02577 0 -0.02577
4 165 737 366 371 0.3685 0 0.9865 560 284 276 0.28 0 1.029 0 0.5902 0.9137 0.271 0.5966 0.9132 0.2709 1.25 1.25 16 16 0.0004749 0.0004746 0.0004746 -0.0006798 1.11e-16 -0.0006798 1.2 1.2 17 17 0.000625 0.0006237 0.0006237 -0.002049 0 -0.002049
4 170 455 228 227 0.2275 0 1.004 377 186 191 0.1885 0 0.9738 0 0.5935 0.9141 0.2716 0.5883 0.9141 0.271 1.05 1.05 19 19 0.0002198 0.0002195 0.0002195 -0.001103 1.11e-16 -0.001103 1.1 1.1 18 18 0.0002653 0.0002653 0.0002653 -6.439e-15 0 -6.439e-15
4 175 430 211 219 0.215 0 0.9635 285 158 127 0.1425 0 1.244 0 0.5864 0.9143 0.2706 0.6274 0.9139 0.271 1.05 1.05 19 19 0.0001163 0.0001163 0.0001163 -1.554e-14 0 -1.554e-14 1 1 20 20 0 0 0 nan nan nan
4 180 201 97 104 0.1005 0 0.9327 149 71 78 0.0745 0 0.9103 0 0.5819 0.9141 0.2721 0.5788 0.9153 0.2725 1.05 1.05 19 19 0.0004975 0.0004963 0.0004963 -0.002506 0 -0.002506 1.05 1.05 19 19 0.0006711 0.0006689 0.0006689 -0.00339 -2.22e-16 -0.00339
4 185 80 37 43 0.04 0 0.8605 66 34 32 0.033 0 1.062 0 0.602 0.9141 0.3334 0.6164 0.9141 0.3002 1.05 1.05 19 19 0.001875 0.001851 0.001851 -0.01282 -2.22e-16 -0.01282 1.05 1.05 19 19 0.0007576 0.0007576 0.0007576 4.33e-15 0 4.33e-15
4 190 57 26 31 0.0285 0 0.8387 41 26 15 0.0205 0 1.733 0 0.6581 0.9131 0.4442 0.7016 0.9141 0.3332 1 1 20 20 0 0 0 nan nan nan 1.05 1.05 19 19 0.00122 0.00122 0.00122 1.776e-15 2.22e-16 1.998e-15
4 195 71 39 32 0.0355 0 1.219 53 27 26 0.0265 0 1.038 0 0.7278 0.9141 0.5008 0.7087 0.9141 0.4954 1 1 20 20 0 0 0 nan nan nan 1.05 1.05 19 19 0.0009434 0.0009434 0.0009434 -2.22e-15 0 -2.22e-15
4 200 52 26 26 0.026 0 1 33 18 15 0.0165 0 1.2 0 0.7092 0.9141 0.5044 0.7279 0.9141 0.5044 1 1 20 20 0 0 0 nan nan nan 1 1 20 20 0 0 0 nan nan nan
4 205 94 51 43 0.047 0 1.186 97 42 55 0.0485 0 0.7636 0 0.7267 0.9141 0.5044 0.6805 0.9141 0.5022 1.05 1.05 19 19 0.0005319 0.0005319 0.0005319 1.71e-14 0 1.71e-14 1.05 1.05 19 19 0.0005155 0.0005155 0.0005155 4.219e-15 0 4.219e-15
4 210 237 126 111 0.1185 0 1.135 201 86 115 0.1005 0 0.7478 0 0.7222 0.9141 0.5044 0.6798 0.9141 0.5046 1 1 20 20 0 0 0 nan nan nan 1.05 1.05 19 19 0.0002488 0.0002488 0.0002488 1.177e-14 0 1.177e-14
4 215 974 478 496 0.487 0 0.9637 716 378 338 0.358 0 1.118 0 0.7055 0.9137 0.5048 0.7207 0.9142 0.5044 1.2 1.2 16 16 0.0002567 0.0002566 0.0002566 -0.0002056 0 -0.0002056 1.15 1.15 18 18 0.0002095 0.0002094 0.0002094 -0.0002332 0 -0.0002332
4 220 2647 1338 1309 1.323 0 1.022 2000 1000 1000 1 0 1 0 0.7116 0.9143 0.5044 0.7093 0.9142 0.5045 1.55 1.55 11 11 0.0004156 0.0004154 0.0004154 -0.000464 0 -0.000464 1.6 1.6 10 10 0.0004 0.0003999 0.0003999 -0.0002502 0 -0.0002502
4 225 2571 1282 1289 1.286 0 0.9946 2000 1000 1000 1 0 1 0 0.7087 0.9141 0.5044 0.7093 0.914 0.5045 1.55 1.55 11 11 0.0002723 0.0002722 0.0002722 -0.0001251 0 -0.0001251 1.5 1.5 11 11 0.000375 0.0003749 0.0003749 -0.0002168 -2.22e-16 -0.0002168
4 230 2545 1281 1264 1.272 0 1.013 2000 1000 1000 1 0 1 0 0.7177 0.914 0.5188 0.7233 0.9138 0.5328 1.45 1.45 12 12 0.000275 0.000275 0.000275 -0.0001685 0 -0.0001685 1.35 1.35 13 13 0.000175 0.000175 0.000175 1.021e-14 -2.22e-16 1.01e-14
4 235 2596 1292 1304 1.298 0 0.9908 2000 1000 1000 1 0 1 0 0.7177 0.9142 0.5231 0.7281 0.914 0.5422 1.8 1.8 7 7 0.0005393 0.0005391 0.0005391 -0.0003098 0 -0.0003098 1.55 1.55 10 10 0.000425 0.0004248 0.0004248 -0.0004858 -2.22e-16 -0.0004858
4 240 2585 1309 1276 1.292 0 1.026 2000 1000 1000 1 0 1 0 0.7169 0.9137 0.5149 0.72 0.9141 0.5258 1.6 1.6 9 9 0.000619 0.0006185 0.0006185 -0.0007564 2.22e-16 -0.0007564 1.65 1.65 10 10 0.0007 0.0006993 0.0006993 -0.001019 0 -0.001019
4 245 2671 1342 1329 1.335 0 1.01 2000 1000 1000 1 0 1 0 0.7103 0.9141 0.5046 0.7096 0.9141 0.505 1.9 1.9 6 6 0.0005616 0.0005614 0.0005614 -0.0002747 0 -0.0002747 1.65 1.65 10 10 0.000575 0.0005748 0.0005748 -0.0004025 0 -0.0004025
4 250 2552 1250 1302 1.276 0 0.9601 2000 1000 1000 1 0 1 0 0.7049 0.9138 0.5042 0.7093 0.914 0.5046 1.6 1.6 10 10 0.0003135 0.0003134 0.0003134 -0.0001593 0 -0.0001593 1.4 1.4 13 13 0.00035 0.0003499 0.0003499 -0.0003038 -2.22e-16 -0.0003038
4 255 2551 1249 1302 1.276 0 0.9593 2000 1000 1000 1 0 1 0 0.7048 0.9138 0.5044 0.7091 0.9141 0.5042 1.75 1.75 6 6 0.0005096 0.0005094 0.0005094 -0.0003999 -2.22e-16 -0.0003999 1.45 1.45 11 11 0.0004 0.0003999 0.0003999 -0.000344 0 -0.000344
4 260 2609 1288 1321 1.304 0 0.975 2000 1000 1000 1 0 1 0 0.7066 0.9138 0.5045 0.7091 0.9139 0.5042 1.7 1.7 7 7 0.0007091 0.0007086 0.0007086 -0.000617 0 -0.000617 1.85 1.85 5 5 0.000675 0.0006747 0.0006747 -0.0003985 0 -0.0003985
4 265 2422 1199 1223 1.211 0 0.9804 2000 1000 1000 1 0 1 0 0.7072 0.9141 0.5044 0.7093 0.914 0.5046 1.6 1.6 9 9 0.0003922 0.0003922 0.0003922 -0.0001957 0 -0.0001957 1.4 1.4 12 12 0.0003 0.0002999 0.0002999 -0.0001668 0 -0.0001668
4 270 2435 1282 1153 1.218 0 1.112 2000 1000 1000 1 0 1 0 0.7201 0.914 0.5045 0.7092 0.9141 0.5042 1.7 1.7 10 10 0.0003491 0.000349 0.000349 -0.0001571 0 -0.0001571 1.45 1.45 12 12 0.000275 0.000275 0.000275 -0.0001365 0 -0.0001365
4 275 2437 1231 1206 1.218 0 1.021 2000 1000 1000 1 0 1 0 0.7112 0.9138 0.5043 0.7092 0.9138 0.5046 1.55 1.55 10 10 0.000554 0.0005537 0.0005537 -0.000502 0 -0.000502 1.6 1.6 9 9 0.0005 0.0004998 0.0004998 -0.0003878 0 -0.0003878
4 280 2558 1249 1309 1.279 0 0.9542 2000 1000 1000 1 0 1 0 0.7045 0.9139 0.5046 0.709 0.914 0.5039 1.85 1.85 7 7 0.0007819 0.0007813 0.0007813 -0.0006555 1.11e-16 -0.0006555 1.6 1.6 8 8 0.000675 0.0006746 0.0006746 -0.000519 -2.22e-16 -0.000519
4 285 2529 1279 1250 1.264 0 1.023 2000 1000 1000 1 0 1 0 0.7114 0.9139 0.5041 0.7092 0.9139 0.5044 1.8 1.8 8 8 0.0005338 0.0005336 0.0005336 -0.0003298 0 -0.0003298 1.8 1.8 10 10 0.0007 0.0006997 0.0006997 -0.0004379 -2.22e-16 -0.0004379
4 290 2516 1257 1259 1.258 0 0.9984 2000 1000 1000 1 0 1 0 0.709 0.914 0.5043 0.7091 0.9141 0.5041 1.4 1.4 12 12 0.0002186 0.0002186 0.0002186 -0.0001446 0 -0.0001446 1.4 1.4 13 13 0.000325 0.0003249 0.0003249 -0.0003464 -2.22e-16 -0.0003464
4 295 2536 1316 1220 1.268 0 1.079 2000 1000 1000 1 0 1 0 0.7172 0.914 0.5048 0.7093 0.9141 0.5046 1.6 1.6 11 11 0.0003746 0.0003745 0.0003745 -0.0002388 1.11e-16 -0.0002388 1.45 1.45 11 11 0.000375 0.0003748 0.0003748 -0.0005339 0 -0.0005339
4 300 2557 1308 1249 1.278 0 1.047 2000 1000 1000 1 0 1 0 0.7138 0.9141 0.5041 0.709 0.9138 0.5042 1.4 1.4 13 13 0.0003324 0.0003321 0.0003321 -0.0008753 -2.22e-16 -0.0008753 1.6 1.6 10 10 0.00065 0.0006496 0.0006496 -0.0005487 -2.22e-16 -0.0005487
4 305 1868 926 942 0.934 0 0.983 1455 719 736 0.7275 0 0.9769 0 0.7075 0.9141 0.5045 0.7063 0.9138 0.5035 1.6 1.6 9 9 0.0005086 0.0005083 0.0005083 -0.0005641 0 -0.0005641 1.5 1.5 11 11 0.0004124 0.0004123 0.0004123 -0.000258 0 -0.000258
4 310 1401 700 701 0.7005 0 0.9986 1176 554 622 0.588 0 0.8907 0 0.7092 0.9141 0.5046 0.6974 0.9141 0.5044 1.55 1.55 10 10 0.0006067 0.0006065 0.0006065 -0.0003573 0 -0.0003573 1.3 1.3 15 15 0.0003827 0.0003824 0.0003824 -0.000615 1.11e-16 -0.000615
4 315 3 2 1 0.0015 0 2 19 1 18 0.0095 0 0.05556 0 0.7775 0.9141 0.5044 0.526 0.9141 0.5044 1 1 20 20 0 0 0 nan nan nan 1 1 20 20 0 0 0 nan nan nan
5 1 2616 1297 1319 1.308 0 0.9833 2000 1000 1000 1 0 1 0 0.4743 0.4904 0.4585 0.4997 0.497 0.5025 12 12 0 0 0.919 0.8005 0.8005 -0.148 1.11e-16 -0.148 12 12 0 0 0.9171 0.9167 0.9167 -0.0003947 0 -0.0003947
5 5 2593 1286 1307 1.296 0 0.9839 2000 1000 1000 1 0 1 0 0.6546 0.5273 0.7798 0.5619 0.537 0.5868 11.95 11.95 0 0 0.5992 0.5289 0.5289 -0.1329 0 -0.1329 12 12 0 0 0.6632 0.5931 0.5931 -0.1181 -2.22e-16 -0.1181
5 10 2552 1326 1226 1.276 0 1.082 2000 1000 1000 1 0 1 0 0.4561 0.6 0.3004 0.5132 0.6863 0.3401 5.05 5.05 0 0 0.3662 0.3283 0.3283 -0.1156 -2.22e-16 -0.1156 5.65 5.65 0 0 0.3615 0.3302 0.3302 -0.09499 -2.22e-16 -0.09499
5 15 2572 1260 1312 1.286 0 0.9604 2000 1000 1000 1 0 1 0 0.5918 0.9504 0.2474 0.5941 0.9396 0.2485 3.35 3.35 0 0 0.1557 0.14 0.14 -0.1121 2.22e-16 -0.1121 3.1 3.1 0 0 0.1881 0.1497 0.1497 -0.2564 0 -0.2564
5 20 2610 1260 1350 1.305 0 0.9333 2000 1000 1000 1 0 1 0 0.5937 0.9655 0.2467 0.6059 0.9653 0.2464 2.45 2.45 1 1 0.1361 0.1119 0.1119 -0.2162 -2.22e-16 -0.2162 2.35 2.35 3 3 0.1452 0.1249 0.1249 -0.1622 0 -0.1622
5 25 2638 1357 1281 1.319 0 1.059 2000 1000 1000 1 0 1 0 0.6162 0.9652 0.2464 0.6059 0.9653 0.2465 1.75 1.75 8 8 0.1114 0.1052 0.1052 -0.05833 0 -0.05833 1.75 1.75 8 8 0.1275 0.1026 0.1026 -0.2429 -2.22e-16 -0.2429
5 30 2541 1279 1262 1.27 0 1.013 2000 1000 1000 1 0 1 0 0.6084 0.9654 0.2466 0.606 0.9655 0.2465 2.1 2.1 4 4 0.09229 0.08761 0.08761 -0.0534 0 -0.0534 1.9 1.9 6 6 0.1013 0.0904 0.0904 -0.1211 0 -0.1211
5 35 2573 1282 1291 1.286 0 0.993 2000 1000 1000 1 0 1 0 0.6085 0.9733 0.2462 0.6057 0.965 0.2465 1.7 1.7 9 9 0.04567 0.0413 0.0413 -0.1058 0 -0.1058 1.7 1.7 7 7 0.06273 0.04818 0.04818 -0.3019 0 -0.3019
5 40 2573 1326 1247 1.286 0 1.063 2000 1000 1000 1 0 1 0 0.6209 0.9731 0.2464 0.6138 0.981 0.2465 1.8 1.8 6 6 0.0315 0.0308 0.0308 -0.02289 1.11e-16 -0.02289 1.65 1.65 8 8 0.03787 0.03471 0.03471 -0.09118 -2.22e-16 -0.09118
5 45 2573 1257 1316 1.286 0 0.9552 2000 1000 1000 1 0 1 0 0.5975 0.9651 0.2463 0.606 0.9658 0.2461 1.55 1.55 12 12 0.00686 0.006637 0.006637 -0.03352 0 -0.03352 1.3 1.3 14 14 0.01413 0.01314 0.01314 -0.07494 -2.22e-16 -0.07494
5 50 2499 1221 1278 1.25 0 0.9554 2000 1000 1000 1 0 1 0 0.5977 0.9654 0.2464 0.6059 0.9655 0.2463 1.6 1.6 9 9 0.001801 0.00178 0.00178 -0.01155 -2.22e-16 -0.01155 1.6 1.6 13 13 0.003425 0.00333 0.00333 -0.02844 -2.22e-16 -0.02844
5 55 2449 1180 1269 1.224 0 0.9299 2000 1000 1000 1 0 1 0 0.5927 0.9651 0.2465 0.6056 0.9649 0.2462 1.7 1.7 7 7 0.000735 0.0007346 0.0007346 -0.000579 0 -0.000579 2 2 5 5 0.000825 0.0008247 0.0008247 -0.0003943 0 -0.0003943
5 60 2506 1239 1267 1.253 0 0.9779 2000 1000 1000 1 0 1 0 0.6015 0.9646 0.2464 0.6056 0.9649 0.2464 1.6 1.6 11 11 0.0003791 0.000379 0.000379 -0.0002942 0 -0.0002942 1.65 1.65 8 8 0.00045 0.0004499 0.0004499 -0.0001668 -2.22e-16 -0.0001668
5 65 2575 1282 1293 1.288 0 0.9915 2000 1000 1000 1 0 1 0 0.6043 0.9652 0.2465 0.6057 0.9652 0.2462 1.65 1.65 9 9 0.000466 0.0004658 0.0004658 -0.0003887 -2.22e-16 -0.0003887 1.5 1.5 10 10 0.0004 0.0003998 0.0003998 -0.0003753 -2.22e-16 -0.0003753
5 70 2660 1346 1314 1.33 0 1.024 2000 1000 1000 1 0 1 0 0.61 0.9651 0.2463 0.6054 0.9648 0.2461 1.95 1.95 5 5 0.0006579 0.0006577 0.0006577 -0.0003708 0 -0.0003708 1.8 1.8 6 6 0.0008 0.0007993 0.0007993 -0.0008292 -2.22e-16 -0.0008292
5 75 2567 1234 1333 1.284 0 0.9257 2000 1000 1000 1 0 1 0 0.5919 0.9654 0.2461 0.6057 0.9653 0.2461 1.8 1.8 7 7 0.0005064 0.0005063 0.0005063 -0.0002849 0 -0.0002849 1.6 1.6 9 9 0.00075 0.0007495 0.0007495 -0.0006007 0 -0.0006007
5 80 2524 1293 1231 1.262 0 1.05 2000 1000 1000 1 0 1 0 0.6142 0.965 0.2457 0.6058 0.965 0.2467 1.35 1.35 13 13 0.0001783 0.0001783 0.0001783 -8.809e-05 -2.22e-16 -8.809e-05 1.25 1.25 15 15 0.00025 0.0002499 0.0002499 -0.0003503 0 -0.0003503
5 85 2600 1274 1326 1.3 0 0.9608 2000 1000 1000 1 0 1 0 0.5986 0.9652 0.2464 0.6062 0.9654 0.2471 1.75 1.75 6 6 0.0005385 0.0005382 0.0005382 -0.0003987 0 -0.0003987 1.65 1.65 9 9 0.0005 0.0004999 0.0004999 -0.0002502 0 -0.0002502
5 90 2482 1190 1292 1.241 0 0.9211 2000 1000 1000 1 0 1 0 0.5911 0.9651 0.2467 0.6057 0.9652 0.2462 1.55 1.55 11 11 0.0003223 0.0003223 0.0003223 -0.0001764 0 -0.0001764 1.75 1.75 7 7 0.0005 0.0004999 0.0004999 -0.0002127 0 -0.0002127
5 95 2571 1279 1292 1.286 0 0.9899 2000 1000 1000 1 0 1 0 0.604 0.9654 0.2462 0.6062 0.9655 0.247 1.35 1.35 14 14 0.0002334 0.0002333 0.0002333 -0.0003568 0 -0.0003568 1.55 1.55 9 9 0.00035 0.00035 0.00035 -0.0001072 0 -0.0001072
5 100 2573 1293 1280 1.286 0 1.01 2000 1000 1000 1 0 1 0 0.6077 0.9655 0.2464 0.6059 0.9654 0.2464 1.6 1.6 10 10 0.0003887 0.0003885 0.0003885 -0.0002917 0 -0.0002917 1.65 1.65 8 8 0.000475 0.0004749 0.0004749 -0.0001975 -2.22e-16 -0.0001975
5 105 2485 1245 1240 1.242 0 1.004 2000 1000 1000 1 0 1 0 0.6065 0.9651 0.2464 0.6058 0.9651 0.2466 1.55 1.55 9 9 0.0003622 0.0003621 0.0003621 -0.0002013 0 -0.0002013 1.5 1.5 12 12 0.000325 0.0003249 0.0003249 -0.0001732 -2.22e-16 -0.0001732
5 110 2524 1223 1301 1.262 0 0.94 2000 1000 1000 1 0 1 0 0.5948 0.9655 0.2463 0.6057 0.965 0.2463 1.55 1.55 11 11 0.0002377 0.0002377 0.0002377 -6.606e-05 0 -6.606e-05 1.55 1.55 10 10 0.0005 0.0004997 0.0004997 -0.0005005 0 -0.0005005
5 115 2603 1297 1306 1.302 0 0.9931 2000 1000 1000 1 0 1 0 0.6044 0.9652 0.2461 0.6059 0.9653 0.2464 1.75 1.75 5 5 0.0004418 0.0004417 0.0004417 -0.000234 0 -0.000234 1.35 1.35 13 13 0.000275 0.0002749 0.0002749 -0.0002274 0 -0.0002274
5 120 2561 1287 1274 1.28 0 1.01 2000 1000 1000 1 0 1 0 0.6076 0.9652 0.2463 0.6057 0.9651 0.2464 1.6 1.6 10 10 0.0003709 0.0003709 0.0003709 -0.0002571 -2.22e-16 -0.0002571 1.55 1.55 11 11 0.000425 0.0004249 0.0004249 -0.0002796 -2.22e-16 -0.0002796
5 125 2537 1257 1280 1.268 0 0.982 2000 1000 1000 1 0 1 0 0.6025 0.9655 0.2461 0.6058 0.9655 0.2462 1.8 1.8 6 6 0.0004927 0.0004926 0.0004926 -0.000284 -2.22e-16 -0.000284 1.3 1.3 15 15 0.000325 0.0003248 0.0003248 -0.000462 -2.22e-16 -0.000462
5 130 2513 1232 1281 1.256 0 0.9617 2000 1000 1000 1 0 1 0 0.5989 0.9653 0.2465 0.6055 0.965 0.2461 1.7 1.7 9 9 0.0005372 0.000537 0.000537 -0.0004351 -2.22e-16 -0.0004351 1.5 1.5 10 10 0.000375 0.0003749 0.0003749 -0.0002001 -2.22e-16 -0.0002001
5 135 2513 1276 1237 1.256 0 1.032 2000 1000 1000 1 0 1 0 0.6114 0.9653 0.2463 0.606 0.9654 0.2465 1.6 1.6 9 9 0.0005372 0.0005369 0.0005369 -0.000568 -2.22e-16 -0.000568 1.75 1.75 6 6 0.0005 0.0004999 0.0004999 -0.0002127 0 -0.0002127
5 140 2507 1274 1233 1.254 0 1.033 2000 1000 1000 1 0 1 0 0.6116 0.9652 0.2463 0.6058 0.9653 0.2463 1.65 1.65 10 10 0.000359 0.0003589 0.0003589 -0.0002217 0 -0.0002217 1.7 1.7 7 7 0.000425 0.0004249 0.0004249 -0.0001177 0 -0.0001177
5 145 2588 1275 1313 1.294 0 0.9711 2000 1000 1000 1 0 1 0 0.6006 0.9654 0.2464 0.6058 0.9654 0.2462 1.7 1.7 8 8 0.0003091 0.0003091 0.0003091 -8.456e-05 0 -8.456e-05 1.3 1.3 14 14 0.000175 0.000175 0.000175 -7.147e-05 -2.22e-16 -7.147e-05
5 150 2523 1307 1216 1.262 0 1.075 2000 1000 1000 1 0 1 0 0.6188 0.9654 0.2463 0.6059 0.9653 0.2466 1.7 1.7 8 8 0.0004162 0.0004161 0.0004161 -0.0002455 0 -0.0002455 1.6 1.6 9 9 0.00045 0.0004498 0.0004498 -0.0004031 0 -0.0004031
5 155 1627 805 822 0.8135 0 0.9793 1292 670 622 0.646 0 1.077 0 0.6027 0.9655 0.2474 0.619 0.965 0.2463 1.4 1.4 14 14 0.0003073 0.0003072 0.0003072 -0.0002461 -2.22e-16 -0.0002461 1.45 1.45 11 11 0.0004644 0.0004643 0.0004643 -0.0001937 0 -0.0001937
5 160 969 506 463 0.4845 0 1.093 786 393 393 0.393 0 1 0 0.6216 0.9652 0.2462 0.6057 0.9655 0.246 1.3 1.3 14 14 0.0004128 0.0004126 0.0004126 -0.0003875 0 -0.0003875 1.25 1.25 15 15 0.0004453 0.000445 0.000445 -0.0005462 0 -0.0005462
5 165 601 284 317 0.3005 0 0.8959 489 234 255 0.2445 0 0.9176 0 0.5861 0.9655 0.2463 0.5906 0.9655 0.2466 1.2 1.2 16 16 0.000416 0.0004158 0.0004158 -0.0003334 0 -0.0003334 1.1 1.1 18 18 0.0003067 0.0003065 0.0003065 -0.0006835 0 -0.0006835
5 170 313 162 151 0.1565 0 1.073 260 130 130 0.13 0 1 0 0.6181 0.9647 0.2463 0.6059 0.9654 0.2463 1 1 20 20 0 0 0 nan nan nan 1.1 1.1 18 18 0.0003846 0.0003846 0.0003846 9.326e-15 0 9.326e-15
5 175 181 84 97 0.0905 0 0.866 157 69 88 0.0785 0 0.7841 0 0.5801 0.9654 0.2463 0.5624 0.9654 0.2463 1.1 1.1 18 18 0.0005525 0.0005525 0.0005525 4.108e-15 0 4.108e-15 1 1 20 20 0 0 0 nan nan nan
5 180 123 54 69 0.0615 0 0.7826 80 48 32 0.04 0 1.5 0 0.562 0.9654 0.2463 0.678 0.9658 0.2463 1.05 1.05 19 19 0.0004065 0.0004065 0.0004065 -2.043e-14 1.11e-16 -2.021e-14 1 1 20 20 0 0 0 nan nan nan
5 185 86 42 44 0.043 0 0.9545 57 29 28 0.0285 0 1.036 0 0.5965 0.9635 0.2463 0.6093 0.9597 0.2463 1 1 20 20 0 0 0 nan nan nan 1 1 20 20 0 0 0 nan nan nan
5 190 66 34 32 0.033 0 1.062 52 28 24 0.026 0 1.167 0 0.6168 0.9654 0.2463 0.6335 0.9654 0.2463 1.1 1.1 18 18 0.005303 0.005198 0.005198 -0.02018 0 -0.02018 1.1 1.1 18 18 0.001923 0.001923 0.001923 -4.219e-15 1.11e-16 -3.997e-15
5 195 7 3 4 0.0035 0 0.75 10 3 7 0.005 0 0.4286 0 0.5545 0.9654 0.2463 0.4621 0.9654 0.2463 1.05 1.05 19 19 0.04286 0.025 0.025 -0.7143 0 -0.7143 1.05 1.05 19 19 0.025 0.01944 0.01944 -0.2857 -2.22e-16 -0.2857
5 200 0 nan nan nan nan 0 2 1 1 0.001 0 1 0 nan 0 0 0.6059 0.9654 0.2463 nan 0 -nan 0 0 nan nan nan nan nan 1 1 20 20 0 0 0 nan nan nan
6 1 2541 1274 1267 1.27 0 1.006 2000 1000 1000 1 0 1 0 0.4894 0.5413 0.4371 0.5063 0.5063 0.5062 12 12 0 0 0.915 0.7933 0.7933 -0.1533 0 -0.1533 12 12 0 0 0.9161 0.9167 0.9167 0.0006001 -2.22e-16 0.0006001
6 5 2578 1278 1300 1.289 0 0.9831 2000 1000 1000 1 0 1 0 0.2043 0.2375 0.1716 0.2967 0.4086 0.1848 11.95 11.95 0 0 0.5255 0.4712 0.4712 -0.1152 1.11e-16 -0.1152 12 12 0 0 0.5884 0.535 0.535 -0.09976 -2.22e-16 -0.09976
6 10 2604 1317 1287 1.302 0 1.023 2000 1000 1000 1 0 1 0 0.08786 0.07553 0.1005 0.09976 0.07929 0.1202 5.05 5.05 1 1 0.305 0.2723 0.2723 -0.1202 0 -0.1202 5.75 5.75 0 0 0.3422 0.3041 0.3041 -0.1253 -2.22e-16 -0.1253
6 15 2530 1285 1245 1.265 0 1.032 2000 1000 1000 1 0 1 0 0.07716 0.06903 0.08556 0.08167 0.0693 0.09404 2.85 2.85 2 2 0.2205 0.2068 0.2068 -0.06607 -2.22e-16 -0.06607 3 3 2 2 0.2058 0.1866 0.1866 -0.1029 0 -0.1029
6 20 2593 1287 1306 1.296 0 0.9855 2000 1000 1000 1 0 1 0 0.09079 0.06885 0.1124 0.08828 0.06876 0.1078 2 2 5 5 0.1429 0.1319 0.1319 -0.08302 -2.22e-16 -0.08302 1.9 1.9 7 7 0.165 0.1419 0.1419 -0.1626 0 -0.1626
6 25 2502 1298 1204 1.251 0 1.078 2000 1000 1000 1 0 1 0 0.08262 0.06907 0.09723 0.09352 0.06908 0.118 1.95 1.95 6 6 0.08217 0.06979 0.06979 -0.1774 0 -0.1774 2 2 7 7 0.1056 0.0906 0.0906 -0.1653 0 -0.1653
6 30 2660 1302 1358 1.33 0 0.9588 2000 1000 1000 1 0 1 0 0.07414 0.06909 0.07899 0.07482 0.06922 0.08042 1.75 1.75 7 7 0.05528 0.05113 0.05113 -0.08114 0 -0.08114 1.85 1.85 8 8 0.07415 0.06747 0.06747 -0.09909 0 -0.09909
6 35 2565 1274 1291 1.282 0 0.9868 2000 1000 1000 1 0 1 0 0.0747 0.06875 0.08056 0.07607 0.06885 0.08329 1.75 1.75 7 7 0.01934 0.01597 0.01597 -0.2107 0 -0.2107 1.65 1.65 7 7 0.02712 0.0252 0.0252 -0.07634 0 -0.07634
6 40 2661 1291 1370 1.331 0 0.9423 2000 1000 1000 1 0 1 0 0.07343 0.06874 0.07785 0.07324 0.06875 0.07774 1.65 1.65 7 7 0.02516 0.02101 0.02101 -0.1976 -2.22e-16 -0.1976 1.75 1.75 7 7 0.0087 0.008061 0.008061 -0.07922 -2.22e-16 -0.07922
6 45 2561 1287 1274 1.28 0 1.01 2000 1000 1000 1 0 1 0 0.07322 0.06895 0.07753 0.07329 0.06857 0.078 1.6 1.6 10 10 0.02599 0.02545 0.02545 -0.02096 -2.22e-16 -0.02096 1.5 1.5 10 10 0.02517 0.02513 0.02513 -0.001827 0 -0.001827
6 50 2534 1320 1214 1.267 0 1.087 2000 1000 1000 1 0 1 0 0.07327 0.0692 0.07769 0.07353 0.06925 0.0778 1.8 1.8 5 5 0.001953 0.001933 0.001933 -0.01068 0 -0.01068 1.6 1.6 9 9 0.00345 0.003355 0.003355 -0.02845 0 -0.02845
6 55 2562 1211 1351 1.281 0 0.8964 2000 1000 1000 1 0 1 0 0.07358 0.069 0.07768 0.07323 0.06877 0.07769 1.65 1.65 10 10 0.0004294 0.0004292 0.0004292 -0.0002663 0 -0.0002663 1.45 1.45 13 13 0.000425 0.0004248 0.0004248 -0.0005447 0 -0.0005447
6 60 2651 1340 1311 1.325 0 1.022 2000 1000 1000 1 0 1 0 0.07309 0.06866 0.07763 0.07316 0.06866 0.07766 1.9 1.9 5 5 0.0006978 0.0006975 0.0006975 -0.0005561 1.11e-16 -0.0005561 1.85 1.85 6 6 0.0007 0.0006997 0.0006997 -0.0004558 0 -0.0004558
6 65 2671 1337 1334 1.335 0 1.002 2000 1000 1000 1 0 1 0 0.07329 0.06878 0.07781 0.07325 0.0688 0.07771 1.7 1.7 6 6 0.000468 0.0004678 0.0004678 -0.0003447 0 -0.0003447 1.45 1.45 12 12 0.000425 0.0004248 0.0004248 -0.0004269 -2.22e-16 -0.0004269
6 70 2611 1337 1274 1.306 0 1.049 2000 1000 1000 1 0 1 0 0.07315 0.06891 0.0776 0.07363 0.0689 0.07837 1.7 1.7 9 9 0.0004596 0.0004595 0.0004595 -0.0002635 1.11e-16 -0.0002635 1.55 1.55 10 10 0.000275 0.000275 0.000275 -2.274e-05 -2.22e-16 -2.274e-05
6 75 2590 1309 1281 1.295 0 1.022 2000 1000 1000 1 0 1 0 0.07338 0.06908 0.07777 0.07331 0.06896 0.07766 1.6 1.6 8 8 0.0003475 0.0003474 0.0003474 -0.0001932 1.11e-16 -0.0001932 1.6 1.6 10 10 0.000475 0.0004749 0.0004749 -0.0002897 0 -0.0002897
6 80 2521 1279 1242 1.26 0 1.03 2000 1000 1000 1 0 1 0 0.07328 0.06874 0.07795 0.07326 0.06892 0.0776 1.9 1.9 5 5 0.000595 0.0005948 0.0005948 -0.0002911 0 -0.0002911 1.6 1.6 10 10 0.00045 0.0004499 0.0004499 -0.0002641 0 -0.0002641
6 85 2544 1276 1268 1.272 0 1.006 2000 1000 1000 1 0 1 0 0.07318 0.06883 0.07756 0.07317 0.06861 0.07774 1.65 1.65 9 9 0.000452 0.0004519 0.0004519 -0.0003164 -2.22e-16 -0.0003164 1.8 1.8 6 6 0.000625 0.0006248 0.0006248 -0.0003503 0 -0.0003503
6 90 2581 1301 1280 1.29 0 1.016 2000 1000 1000 1 0 1 0 0.1171 0.06907 0.1659 0.09888 0.06877 0.129 1.7 1.7 8 8 0.0003487 0.0003486 0.0003486 -0.0001723 0 -0.0001723 1.3 1.3 14 14 0.000275 0.0002749 0.0002749 -0.0003184 -2.22e-16 -0.0003184
6 95 2665 1326 1339 1.333 0 0.9903 2000 1000 1000 1 0 1 0 0.1336 0.06867 0.198 0.1311 0.06873 0.1934 1.7 1.7 7 7 0.000394 0.0003939 0.0003939 -0.0002145 -2.22e-16 -0.0002145 1.6 1.6 10 10 0.000325 0.000325 0.000325 -7.697e-05 0 -7.697e-05
6 100 2616 1270 1346 1.308 0 0.9435 2000 1000 1000 1 0 1 0 0.1366 0.06879 0.2007 0.1344 0.06875 0.2 1.65 1.65 9 9 0.0004587 0.0004585 0.0004585 -0.0004623 1.11e-16 -0.0004623 1.45 1.45 12 12 0.000375 0.0003748 0.0003748 -0.0004504 0 -0.0004504
6 105 2570 1290 1280 1.285 0 1.008 2000 1000 1000 1 0 1 0 0.1353 0.06886 0.2023 0.1354 0.0691 0.2018 2 2 4 4 0.0006031 0.000603 0.000603 -0.0002638 0 -0.0002638 1.7 1.7 8 8 0.000525 0.0005248 0.0005248 -0.0002859 0 -0.0002859
6 110 2600 1302 1298 1.3 0 1.003 2000 1000 1000 1 0 1 0 0.1285 0.06889 0.1882 0.121 0.06908 0.1729 1.75 1.75 8 8 0.0007308 0.0007303 0.0007303 -0.0006941 0 -0.0006941 1.65 1.65 10 10 0.00065 0.0006496 0.0006496 -0.0005487 -2.22e-16 -0.0005487
6 115 2549 1251 1298 1.274 0 0.9638 2000 1000 1000 1 0 1 0 0.1373 0.06906 0.203 0.136 0.06898 0.203 1.6 1.6 10 10 0.0003138 0.0003138 0.0003138 -0.0001717 -2.22e-16 -0.0001717 1.65 1.65 7 7 0.0003 0.00035 0.00035 0.1429 -2.22e-16 0.1429
6 120 2583 1301 1282 1.292 0 1.015 2000 1000 1000 1 0 1 0 0.1358 0.06924 0.2034 0.1363 0.06931 0.2034 1.45 1.45 11 11 0.0001936 0.0001936 0.0001936 -3.873e-05 0 -3.873e-05 1.25 1.25 15 15 0.00015 0.00015 0.00015 -8.338e-05 0 -8.338e-05
6 125 2590 1288 1302 1.295 0 0.9892 2000 1000 1000 1 0 1 0 0.137 0.06936 0.2039 0.1365 0.06926 0.2037 1.65 1.65 7 7 0.0003861 0.000386 0.000386 -0.0001738 0 -0.0001738 1.6 1.6 8 8 0.000625 0.0006247 0.0006247 -0.0005406 -2.22e-16 -0.0005406
6 130 2480 1258 1222 1.24 0 1.029 2000 1000 1000 1 0 1 0 0.1351 0.06887 0.2033 0.1362 0.06902 0.2034 1.55 1.55 10 10 0.0003831 0.0003829 0.0003829 -0.0003398 1.11e-16 -0.0003398 1.45 1.45 12 12 0.000325 0.0003249 0.0003249 -0.0002887 -2.22e-16 -0.0002887
6 135 2467 1313 1154 1.234 0 1.138 2000 1000 1000 1 0 1 0 0.1317 0.06874 0.2033 0.1362 0.06884 0.2036 1.7 1.7 8 8 0.0003648 0.0003647 0.0003647 -0.0001915 0 -0.0001915 1.35 1.35 13 13 0.000275 0.0002749 0.0002749 -0.0002729 0 -0.0002729
6 140 2653 1306 1347 1.327 0 0.9696 2000 1000 1000 1 0 1 0 0.1373 0.06877 0.2037 0.1362 0.06907 0.2034 1.5 1.5 10 10 0.0002827 0.0002826 0.0002826 -0.0002011 0 -0.0002011 1.6 1.6 9 9 0.0005 0.0004997 0.0004997 -0.0006007 -2.22e-16 -0.0006007
6 145 2616 1338 1278 1.308 0 1.047 2000 1000 1000 1 0 1 0 0.1344 0.0688 0.2032 0.1362 0.06892 0.2034 1.85 1.85 6 6 0.0006881 0.0006877 0.0006877 -0.000542 0 -0.000542 1.6 1.6 9 9 0.00055 0.0005498 0.0005498 -0.0003412 0 -0.0003412
6 150 2617 1332 1285 1.308 0 1.037 2000 1000 1000 1 0 1 0 0.1349 0.06883 0.2034 0.1364 0.06906 0.2036 1.35 1.35 13 13 0.0002675 0.0002674 0.0002674 -0.0003004 0 -0.0003004 1.5 1.5 12 12 0.0003 0.0003 0.0003 -0.0001459 0 -0.0001459
6 155 1762 879 883 0.881 0 0.9955 1397 713 684 0.6985 0 1.042 0 0.1362 0.06878 0.2034 0.1346 0.06878 0.2033 1.3 1.3 15 15 0.0001986 0.0001986 0.0001986 -0.0001217 1.11e-16 -0.0001217 1.4 1.4 12 12 0.0003221 0.0003221 0.0003221 -7.96e-05 0 -7.96e-05
6 160 1190 601 589 0.595 0 1.02 930 467 463 0.465 0 1.009 0 0.1354 0.06878 0.2034 0.1355 0.06878 0.2029 1.3 1.3 14 14 0.0003361 0.0003361 0.0003361 -0.0002103 0 -0.0002103 1.2 1.2 16 16 0.0003226 0.0003225 0.0003225 -0.0003589 0 -0.0003589
6 165 899 439 460 0.4495 0 0.9543 732 358 374 0.366 0 0.9572 0 0.1376 0.06906 0.203 0.1377 0.06915 0.2034 1.2 1.2 16 16 0.0002225 0.0002225 0.0002225 -8.771e-14 0 -8.771e-14 1.2 1.2 16 16 0.0002732 0.0002732 0.0002732 8.471e-14 0 8.471e-14
6 170 677 337 340 0.3385 0 0.9912 533 267 266 0.2665 0 1.004 0 0.1364 0.06878 0.2034 0.136 0.06878 0.2034 1.15 1.15 17 17 0.0002216 0.0002216 0.0002216 8.038e-14 -2.22e-16 8.027e-14 1.15 1.15 17 17 0.0002814 0.0002814 0.0002814 -1.088e-14 0 -1.088e-14
6 175 339 158 181 0.1695 0 0.8729 273 133 140 0.1365 0 0.95 0 0.1415 0.06898 0.2047 0.1378 0.06878 0.2034 1.05 1.05 19 19 0.0001475 0.0001475 0.0001475 -3.242e-14 2.22e-16 -3.22e-14 1.05 1.05 19 19 0.0001832 0.0001832 0.0001832 -1.821e-14 0 -1.821e-14
6 180 170 80 90 0.085 0 0.8889 116 61 55 0.058 0 1.109 0 0.14 0.06878 0.2034 0.1326 0.06878 0.2034 1 1 20 20 0 0 0 nan nan nan 1.05 1.05 19 19 0.000431 0.000431 0.000431 3.442e-15 1.11e-16 3.553e-15
6 185 72 30 42 0.036 0 0.7143 54 29 25 0.027 0 1.16 0 0.1473 0.06878 0.2034 0.1311 0.06878 0.2034 1 1 20 20 0 0 0 nan nan nan 1.05 1.05 19 19 0.0009259 0.0009259 0.0009259 6.217e-15 0 6.217e-15
6 190 23 13 10 0.0115 0 1.3 23 10 13 0.0115 0 0.7692 0 0.1273 0.06878 0.2034 0.1449 0.06878 0.2034 1 1 20 20 0 0 0 nan nan nan 1 1 20 20 0 0 0 nan nan nan
6 195 21 11 10 0.0105 0 1.1 17 9 8 0.0085 0 1.125 0 0.1329 0.06878 0.2034 0.1321 0.06878 0.2034 1 1 20 20 0 0 0 nan nan nan 1 1 20 20 0 0 0 nan nan nan
6 200 24 13 11 0.012 0 1.182 22 9 13 0.011 0 0.6923 0 0.1305 0.06878 0.2034 0.1483 0.06878 0.2034 1 1 20 20 0 0 0 nan nan nan 1 1 20 20 0 0 0 nan nan nan
6 205 59 25 34 0.0295 0 0.7353 45 24 21 0.0225 0 1.143 0 0.1464 0.06878 0.2034 0.1316 0.06878 0.2034 1 1 20 20 0 0 0 nan nan nan 1 1 20 20 0 0 0 nan nan nan
6 210 219 105 114 0.1095 0 0.9211 137 80 57 0.0685 0 1.404 0 0.1389 0.06878 0.2034 0.1248 0.06878 0.2034 1.05 1.05 19 19 0.0004566 0.0004556 0.0004556 -0.002299 -2.22e-16 -0.002299 1.05 1.05 19 19 0.000365 0.000365 0.000365 1.943e-14 0 1.943e-14
6 215 786 396 390 0.393 0 1.015 590 298 292 0.295 0 1.021 0 0.1355 0.06879 0.2032 0.1354 0.06878 0.2034 1.35 1.35 14 14 0.0006361 0.0006358 0.0006358 -0.0005098 0 -0.0005098 1.3 1.3 14 14 0.0008475 0.0008467 0.0008467 -0.0008496 0 -0.0008496
6 220 2522 1268 1254 1.261 0 1.011 2000 1000 1000 1 0 1 0 0.1359 0.06877 0.2038 0.1361 0.06873 0.2035 1.5 1.5 11 11 0.0003965 0.0003964 0.0003964 -0.0002678 0 -0.0002678 1.65 1.65 9 9 0.0005 0.0004998 0.0004998 -0.0003503 0 -0.0003503
6 225 2615 1331 1284 1.308 0 1.037 2000 1000 1000 1 0 1 0 0.1352 0.06884 0.204 0.1364 0.06889 0.2038 1.4 1.4 13 13 0.0002486 0.0002485 0.0002485 -0.0001766 0 -0.0001766 1.6 1.6 9 9 0.000475 0.0004747 0.0004747 -0.0005269 0 -0.0005269
6 230 2646 1311 1335 1.323 0 0.982 2000 1000 1000 1 0 1 0 0.137 0.06879 0.2039 0.1363 0.06877 0.2038 1.55 1.55 10 10 0.0003779 0.0003778 0.0003778 -0.0003971 1.11e-16 -0.0003971 1.7 1.7 8 8 0.000625 0.0006248 0.0006248 -0.0003303 0 -0.0003303
6 235 2555 1270 1285 1.278 0 0.9883 2000 1000 1000 1 0 1 0 0.1366 0.06878 0.2036 0.136 0.06871 0.2032 1.65 1.65 9 9 0.0004892 0.000489 0.000489 -0.0003839 0 -0.0003839 1.4 1.4 13 13 0.0003 0.0002999 0.0002999 -0.0001876 0 -0.0001876
6 240 2533 1274 1259 1.266 0 1.012 2000 1000 1000 1 0 1 0 0.1358 0.06882 0.2036 0.1363 0.06871 0.2038 1.5 1.5 12 12 0.0003553 0.0003552 0.0003552 -0.0003183 0 -0.0003183 1.4 1.4 14 14 0.000375 0.0003748 0.0003748 -0.0006174 -2.22e-16 -0.0006174
6 245 2574 1295 1279 1.287 0 1.013 2000 1000 1000 1 0 1 0 0.1357 0.06902 0.2033 0.1361 0.06887 0.2032 1.55 1.55 9 9 0.0002914 0.0002913 0.0002913 -0.0001296 -2.22e-16 -0.0001296 1.55 1.55 11 11 0.0004 0.0003999 0.0003999 -0.0002658 -2.22e-16 -0.0002658
6 250 2554 1333 1221 1.277 0 1.092 2000 1000 1000 1 0 1 0 0.1331 0.069 0.203 0.1362 0.06881 0.2036 1.75 1.75 5 5 0.0004503 0.0004502 0.0004502 -0.0001874 1.11e-16 -0.0001874 1.45 1.45 12 12 0.0003 0.0002999 0.0002999 -0.0002085 -2.22e-16 -0.0002085
6 255 2605 1278 1327 1.302 0 0.9631 2000 1000 1000 1 0 1 0 0.1377 0.06896 0.2039 0.1362 0.069 0.2033 1.6 1.6 9 9 0.0005566 0.0005564 0.0005564 -0.0004239 0 -0.0004239 1.5 1.5 11 11 0.000425 0.0004248 0.0004248 -0.00053 0 -0.00053
6 260 2603 1283 1320 1.302 0 0.972 2000 1000 1000 1 0 1 0 0.1373 0.06875 0.204 0.1368 0.06889 0.2047 1.8 1.8 6 6 0.0004034 0.0004033 0.0004033 -0.0001373 -2.22e-16 -0.0001373 1.4 1.4 14 14 0.00025 0.00025 0.00025 -0.0001751 0 -0.0001751
6 265 2605 1282 1323 1.302 0 0.969 2000 1000 1000 1 0 1 0 0.1372 0.06883 0.2034 0.1362 0.06871 0.2037 1.5 1.5 10 10 0.0002687 0.0002686 0.0002686 -0.0002744 0 -0.0002744 1.35 1.35 14 14 0.000375 0.0003748 0.0003748 -0.0006341 -2.22e-16 -0.0006341
6 270 2616 1321 1295 1.308 0 1.02 2000 1000 1000 1 0 1 0 0.1356 0.06927 0.2033 0.1363 0.06913 0.2034 1.5 1.5 10 10 0.02578 0.01931 0.01931 -0.335 2.22e-16 -0.335 1.5 1.5 10 10 0.000425 0.0004249 0.0004249 -0.0002944 0 -0.0002944
6 275 2578 1301 1277 1.289 0 1.019 2000 1000 1000 1 0 1 0 0.1354 0.06903 0.203 0.1361 0.0689 0.2034 1.7 1.7 9 9 0.001164 0.001159 0.001159 -0.004078 2.22e-16 -0.004078 1.8 1.8 7 7 0.0023 0.002268 0.002268 -0.01414 0 -0.01414
6 280 2547 1279 1268 1.274 0 1.009 2000 1000 1000 1 0 1 0 0.1359 0.06875 0.2036 0.1361 0.06878 0.2033 1.65 1.65 9 9 0.0003926 0.0003925 0.0003925 -0.000275 1.11e-16 -0.000275 1.55 1.55 10 10 0.00055 0.0005498 0.0005498 -0.0004208 -2.22e-16 -0.0004208
6 285 2634 1331 1303 1.317 0 1.021 2000 1000 1000 1 0 1 0 0.1355 0.06907 0.2034 0.1362 0.06897 0.2034 1.95 1.95 4 4 0.0005315 0.0005314 0.0005314 -0.0002103 0 -0.0002103 1.7 1.7 7 7 0.00065 0.0006498 0.0006498 -0.0003657 0 -0.0003657
6 290 2609 1325 1284 1.304 0 1.032 2000 1000 1000 1 0 1 0 0.1385 0.07569 0.2033 0.1384 0.07346 0.2032 1.75 1.75 10 10 0.0003641 0.0003641 0.0003641 -0.0001615 0 -0.0001615 1.5 1.5 11 11 0.000325 0.000325 0.000325 -0.0001347 0 -0.0001347
6 295 2597 1313 1284 1.298 0 1.023 2000 1000 1000 1 0 1 0 0.1431 0.08417 0.2033 0.1419 0.08049 0.2034 1.45 1.45 11 11 0.0003851 0.0003849 0.0003849 -0.0004046 1.11e-16 -0.0004046 1.65 1.65 9 9 0.000525 0.0005248 0.0005248 -0.0003455 -2.22e-16 -0.0003455
6 300 2561 1307 1254 1.28 0 1.042 2000 1000 1000 1 0 1 0 0.1408 0.0811 0.2031 0.1434 0.08353 0.2032 1.85 1.85 4 4 0.0004881 0.000488 0.000488 -0.0002735 -2.22e-16 -0.0002735 1.45 1.45 12 12 0.000375 0.0003749 0.0003749 -0.0002669 -2.22e-16 -0.0002669
6 305 2022 1032 990 1.011 0 1.042 1575 786 789 0.7875 0 0.9962 0 0.1435 0.08598 0.2034 0.144 0.08387 0.2039 1.3 1.3 14 14 0.000272 0.0002719 0.0002719 -0.000495 -2.22e-16 -0.000495 1.25 1.25 15 15 0.0003175 0.0003173 0.0003173 -0.0004449 2.22e-16 -0.0004449
6 310 1972 985 987 0.986 0 0.998 1570 773 797 0.785 0 0.9699 0 0.1451 0.08681 0.2032 0.1456 0.08607 0.2034 1.65 1.65 9 9 0.0006339 0.0006335 0.0006335 -0.0005787 0 -0.0005787 1.55 1.55 9 9 0.0006369 0.0006367 0.0006367 -0.0004463 2.22e-16 -0.0004463
6 315 1981 961 1020 0.9905 0 0.9422 1575 775 800 0.7875 0 0.9688 0 0.1472 0.08763 0.2034 0.1463 0.08752 0.2033 1.4 1.4 12 12 0.0004291 0.0004288 0.0004288 -0.000535 -2.22e-16 -0.000535 1.45 1.45 12 12 0.0004762 0.000476 0.000476 -0.0003813 1.11e-16 -0.0003813
6 320 1876 962 914 0.938 0 1.053 1526 740 786 0.763 0 0.9415 0 0.1328 0.06587 0.2032 0.1472 0.0875 0.2034 1.3 1.3 14 14 0.0002132 0.0002132 0.0002132 -0.0002 0 -0.0002 1.15 1.15 17 17 9.83e-05 9.83e-05 9.83e-05 1.532e-13 -2.22e-16 1.53e-13
6 325 1806 936 870 0.903 0 1.076 1431 709 722 0.7155 0 0.982 0 0.1421 0.08501 0.2035 0.1436 0.08271 0.2033 1.3 1.3 14 14 0.0003045 0.0003044 0.0003044 -0.0004031 -2.22e-16 -0.0004031 1.25 1.25 15 15 0.0002795 0.0002794 0.0002794 -0.0003498 0 -0.0003498
6 330 1676 816 860 0.838 0 0.9488 1329 649 680 0.6645 0 0.9544 0 0.1473 0.08786 0.2036 0.1468 0.08758 0.2034 1.3 1.3 14 14 0.0002088 0.0002088 0.0002088 -8.53e-05 0 -8.53e-05 1.3 1.3 14 14 0.000301 0.0003009 0.0003009 -0.0001883 0 -0.0001883
6 335 880 407 473 0.44 0 0.8605 618 329 289 0.309 0 1.138 0 0.15 0.08755 0.2037 0.1419 0.08783 0.2034 1.15 1.15 17 17 0.0002841 0.000284 0.000284 -0.0004553 0 -0.0004553 1.2 1.2 16 16 0.0003236 0.0003236 0.0003236 -7.039e-14 0 -7.039e-14
